simulator/DEM/srtm_37_02-red.asc
ncols         601
nrows         1201
xllcorner     3.4995833333
yllcorner     50.4995833333
cellsize      0.00083333333333333
nodata_value  -9999
[rows 814 to 850 of 1201, columns 498 to 580 of 601]
41.999 39.998 36.998 36.998 36.997 35.998 34.999 34.999 34.999 35.999 37.998 37.998 38.998 38.998 38.998 39.999 40.999 40.999 41.998 39.998 37.997 35.998 32.998 31.999 30 29.999 29.998 31.998 33.998 33.998 33.998 33.999 33.999 35 37 38.001 39.001 39.001 39.001 38.001 36.001 35.001 33 32 30 28 25.001 25.001 25 25 25.001 25.001 25.999 25.999 26.999 26.999 27.999 26.999 25.998 24.999 23 23.999 24.999 24.999 25.998 26.998 27.999 27.999 28.999 28 26.001 26.001 27 27.001 27.001 27.001 28 28 28.999 28.999 28.999 28.999 28.999
39.998 36.998 33.998 32.999 31.999 31.999 32.998 32.998 32.999 33.998 34.998 34.998 35.998 35.998 35.999 37.999 39.999 39.999 38.999 36 33 32 30.002 30.001 28.999 27.999 26.999 28.998 30.996 30.997 30.997 31.998 33 34.999 36.999 38.999 40.999 40.999 40.999 39.999 38 36 33 31.999 29.999 28 26 26 25.001 25.002 26.003 26.002 25.001 25.001 25 25 25.999 24.999 23 23 23.001 23.001 24 23.999 22.998 23.998 25.998 26.999 28.001 28.001 27.999 27.999 27 27.999 28.999 28.999 27.999 27.999 27 27 26.999 26.999 26.998
36.999 34 31.001 30.999 29.999 29.999 28.999 29.998 30.998 30.999 31.999 31.999 32 33.001 35 37 39 38 37 35.001 32.002 32.002 33.001 31 28 26.999 25 24.999 25 25 26 28.999 32.998 33.999 35.999 36.998 38.998 38.998 38.998 37.999 36.999 35 33 31 28.001 27.001 26 26 26.001 27.999 30.998 29 27.001 26.001 25 25 24.001 23.002 22.003 23.002 25 25 24 22 19 19.999 21.998 25.998 29.998 28.999 27 27 27.001 27.001 27.001 27.001 27 27 26.999 26.999 25.999 24.999 23
34.999 33.999 32 30 28 27.998 26.998 26.998 26.999 28.999 30.999 31 32.001 34 36 37 38.999 38 37 37 36.001 35.001 34.001 31.002 27.003 26.002 24.002 24.001 25 25.001 26.001 27.999 29.998 31.998 33.998 33.998 34.997 34.998 35.999 35.999 34.999 33.999 31.999 30.999 29.001 28.001 26.002 26.002 27.001 27.001 27.999 27.999 28.999 27 25.001 25.001 26.001 26.001 27 27.001 26.002 25.002 24.002 22.002 19.003 19.001 18.999 22.999 26.998 26.999 27 27 27.999 27.999 28 27.999 26.998 26.998 25.999 25.999 24.999 23.998 21.998
32.998 32.998 31.998 29.998 26.998 24.999 23 23.999 25 27 29 31 34 35.001 37 37 38 37.999 36.999 36.999 37.999 36.999 36 34.001 31.002 29.002 27.001 26.001 25 25.999 26.999 26.999 26.999 27.998 29.996 29.997 29.998 31.999 34.999 34 33 31.999 30 30 30.001 30.001 29.002 29.002 29.001 28.001 27.001 27.001 27.999 26.999 26.001 26.001 27.001 27.001 27.002 28.001 29.001 28.001 27.001 26.001 24.001 21.001 18.001 20.999 23.997 24.998 26.998 26.998 26.998 26.998 27.998 25.999 24 23.999 24.999 23.998 22.998 20.998 18.998
29.998 29.998 28.998 26.998 23.999 22.999 22.001 23 24.999 26.999 28.999 31.999 34.998 35.999 36.999 36.999 37.998 36.999 35.999 35.998 35.997 35.997 35.997 34.997 33.998 31.999 29 27.001 25.001 25.001 26.001 26.001 25.001 24.001 22.999 24.999 26.999 29.999 33.998 33.998 32.998 30.999 29 29.999 31.998 31.998 31.999 31.999 30.999 30 29 28.001 26.002 26.002 27.001 27.001 28 28.999 29.999 30 30.001 30.001 29.001 27.001 25.001 22.001 19 18.999 18.998 20.998 22.999 22.999 23.999 23.999 23.998 23.998 22.998 22.997 22.997 20.998 19 17.999 15.998
25.998 25.998 24.998 23.998 21.998 21.998 22.998 22.998 22.998 24.998 27.996 29.996 31.996 33.996 35.997 35.997 34.997 34.997 33.996 32.996 30.997 30.997 29.997 29.997 30.996 29.997 28.998 27.997 25.997 25.999 27.001 27.001 27.001 25.001 22.001 23.999 25.998 27.998 30.996 29.997 28.997 28.997 27.997 27.998 28.998 28.998 29.999 29.999 30 30 29 29 29 29 28 28 28 28.001 29.001 30 30.999 30.999 29.998 27.999 25.999 23 19.002 17.001 15.001 17.999 20.997 20.998 21.998 21.998 20.999 19.999 18.998 17.999 16.999 17.999 18.999 16.001 13.001
22.999 22.998 21.998 20 18 18.999 19.999 19.999 19.999 20.999 21.999 23.999 26 27.999 30.997 30.997 29.998 28.998 26.998 25.998 24.997 24.997 24.997 24.997 24.997 24.998 24.998 22.999 20.999 23.999 27.999 27.999 28.998 26 23.001 23 22.999 23.999 24.998 24.998 23.999 23.998 22.997 23.997 24.998 25.999 28 28.999 29.999 29.999 28.999 28.999 28.999 28.999 28.001 28 27.999 28.998 29.998 29.998 29.999 28.999 26.999 25.999 24 22.999 21.999 19.001 16.001 16.001 15.999 16.999 17.999 17.999 18.998 17.999 16 16 16.001 17 17.999 16.999 15.001
21 20.001 19.001 19.001 18.002 18.001 17.999 17.999 18 19 20.001 23 26.999 26.998 25.998 25.998 25.998 24.998 23.999 22 20 19.999 18.998 18.999 19.999 20.999 21.999 20.999 19 21.999 25.997 25.998 25.998 24.998 23.998 22.998 21.997 21.998 21.998 21.998 21.998 19.999 18 18.999 20.999 23.999 27.999 27.999 28.999 28.998 27.998 27.998 27.999 27.999 28.998 27.998 25.999 25.999 26.999 26.999 27.998 26.998 24.998 23.998 22.999 21.999 20.999 19.999 18 17 15.001 15.001 16 16.001 16.001 16.001 16.001 16 16.999 16.998 15.997 15.997 16.996
21 21 20.001 20.001 21.001 19.002 17.003 17.003 18.003 19.002 21 22.999 25.998 23.999 22.001 22.001 22.002 22.002 23.001 22.001 20.001 18.001 16.001 17.001 18 18.999 19.998 18.999 17.999 19.998 21.997 21.997 21.996 20.996 19.996 18.997 16.999 17.999 18.999 18.999 18.999 18 17.001 18 18.998 21.998 25.997 25.998 26.998 25.998 24.999 24.999 25.999 25.999 25.999 24.999 23.998 23.999 24.999 24.999 23.999 22.999 21 20.999 20.999 20.999 19.999 18.999 17 16.999 17 16.999 15.999 16.999 17.998 17.997 16.996 15.997 14.998 12.999 11.001 11 10.999
21.001 21.001 22.001 22.001 23 23 22.001 22.001 23.001 23.001 22.001 22.001 22.001 22.001 22.999 23.999 25 24.999 24.999 23 21.001 20 18 17.999 17.999 17.999 16.999 16.999 16.999 16.998 16.998 15.999 15.001 14.001 13.002 14.001 15.001 16.001 17.001 17.002 18.002 18.002 19.001 18 16 18.998 21.998 21.998 22.999 22.999 23.998 23.998 23.998 23.998 23.999 22.999 21 21.999 22.999 22.998 21.998 20.999 19.999 19.999 18.999 18.999 17.999 16.999 16 15.999 16.997 15.998 14.998 14.998 14.999 13 10 10.001 11.001 11.001 12.002 11.003 10.005
22.001 23.001 24.001 24.001 23.001 23.001 23.001 24.001 25.001 25.001 24.002 24.001 23 23 22 22.999 24.999 23.999 23 23 22 20 17 17 16 16 15.001 15.001 15.001 14.001 13.001 14.001 16 16.001 16 16.001 17.001 17.001 17.999 19.998 21.998 21.997 20.997 17.998 15 15.999 17.999 18.999 20.999 20.999 20.999 20.999 20.998 20.999 21.999 21.998 20.998 20.998 20.998 19.999 19 19 18 18 17.999 16.999 15.999 15.999 15.999 14 12 11.999 12 12.001 13.002 12.002 10.003 11.002 12 13.001 15.002 16.002 18.001
24.002 24.001 25 25 24.001 24.001 25.001 25.001 26.001 26.001 27.001 25.002 23.002 23.001 22 22.001 23.001 23.001 23.002 23.001 22 20.001 17.002 17.002 16.002 16.002 16.002 16.002 16.001 15.002 14.002 15.002 17.001 17.001 16.001 17.001 18 17.999 16.999 16.999 17.998 16.998 15 15 15.001 15.001 15.999 16.999 18.998 18.998 19.998 18.999 18 18.999 19.998 18.998 17.999 17.999 18 18 18.999 18.999 17.999 17.999 16.999 15.999 14.999 14.999 14.999 13 11 10.999 11.999 13.999 16 16 15.001 14.001 12.002 15 17.999 18.999 19.999
27.001 26.001 25.001 25.001 26.001 26.001 27.001 27.001 28.001 28.001 29 28 26.001 24.002 22.002 23.002 25 25 25.999 24 22.001 21.001 20 19.999 18.999 18.999 19.001 19 17.999 17.999 16.999 17.999 19 19 18 18 18 17 15.999 15 14 14 14.001 15.001 17 16.001 15.001 15.001 16 16 15.999 16.999 17.998 16.999 15.999 15.999 16.999 17 18 17.999 16.999 16.999 16.999 16.999 15.999 14.999 14 14 13 11.999 10 9.999 9.999 12.999 15.998 15.999 15.999 15.998 14.997 15.998 16.999 17.999 18.999
28.998 27.999 27.001 27.001 28.001 28.001 29.001 29.001 29.001 29.001 29.001 28.001 27 27 26 26 25.999 25 24 24 23 22 20.001 19.001 17.001 18 19.998 18.999 17.001 17 16 16.999 18.999 18.999 18 18 17.999 17 15.001 15.001 14.002 14.001 15 15.999 16.999 16.999 15.999 15.999 16.001 16 15 15 14.999 14.999 15 15 16 16.999 17.999 16.999 15.999 15.999 15 15 14.001 14.001 14 13.999 12.999 11 9 9 9.001 11 13.001 14.001 15.001 13.001 10.001 13 16.001 16 16.998
26.002 27.002 28.002 28.002 29.002 29.001 30 30 31 30.999 29.999 28.999 27.001 27 26 26 25 25 24.001 24.001 23.001 22.001 21.001 20.001 19.002 18.001 16.001 17.001 18.001 17.001 16.001 16.001 17.001 17.001 18.001 18.001 17.001 17.001 17 17 17 15.999 14.999 14.999 15.999 14.999 14 14.999 16.998 15.998 14.998 14.999 14.001 14.001 15.001 15.001 15.999 15.999 16.999 15.999 14.999 14.999 14.998 14.999 15 15 14.001 13.001 11.001 10.002 9.004 9.003 10.002 12.001 15 15.001 16 14 11 14 18.001 16.002 13.003
30.002 30.002 31.001 31.001 32 31 30 30 30.999 29.999 28 27.999 27.999 26.999 25.999 25.999 24.999 24.999 24.999 24.999 23.999 22.999 21.999 21.999 21.999 20 18.001 18.001 18.999 18 17 17 17.999 17.999 18.998 18.998 17.999 17.999 17.001 17 16.999 15.001 13.001 13.001 14.001 14.001 14 14 14 13.001 12.001 13 14.998 15.998 16.998 15.998 14.998 14.998 14.997 13.998 12.999 13 12.002 13.001 14.998 14.998 15.998 14.999 13.001 14.001 15.002 14.002 13.004 14.002 15.999 16 16.001 14.002 11.004 15.001 19.997 18.999 18.002
32.999 32.999 32.999 32.999 31.999 31 30 30 29 29 28 27 26 26 25.001 25 24 24 24 23 22 21.001 20.001 20.001 21 20.001 19.001 19 18 18 17 16.999 16.998 16.998 15.997 15.997 16.997 16.998 17.998 16.998 15.999 15.999 14.999 14.999 15 15 14.001 14.001 14 14 14 13.001 12.001 12.001 13.001 13.001 12.001 11.001 10.001 10.001 11 13 15 13.999 12 12.001 13.001 14.001 15.001 16.001 18 18.001 19.001 17.001 15.001 16 17 17 17 17 16 17.999 20.997
32 31.999 32 31.999 30.999 30.999 29.999 29.999 28.999 28.999 27.999 27 26.001 25.999 25.998 24.999 24.001 24 23.999 23 22 22 21.001 21.001 21 20.999 19.998 18.999 17.999 17.999 17.001 16.001 14.003 13.001 11 10.999 11.999 12.999 13.999 14 14.001 14.001 14.001 14.001 15.001 15.001 15 15 14.001 14.001 14 14.001 14.001 14.001 13.999 13.999 13.999 13 12 12 11.001 13 15 13.002 11.003 13.002 15.002 15.002 16.001 17.001 18.001 19 20.999 19 16.001 16.001 16.999 17 17.001 17.001 16.002 16.002 16.003
31 31 31.999 30.999 29 28.999 28.999 27.999 27 27 27 27 27 25.001 23.001 23.999 24.998 23.999 22.999 22.999 21.999 21.999 21.999 21.999 20.999 19 17 17 17.001 17 17.999 18.001 19.002 15.003 10.004 10.002 10.001 11.001 11.999 14.001 16.003 16.003 16.003 16.002 17 16 15 15 15.999 14.999 14 14.999 15.998 14.999 13 12.999 12.999 12.999 12.001 12.001 13 13.999 15.998 15.999 16.001 16.999 18.997 18.999 18.001 18.001 19.001 19.002 19.002 18.004 17.005 17.004 16.004 17.003 18.003 18.004 19.004 20.003 22.002
31 30.999 30.999 29.999 28.001 28 27 27.001 27.001 27.001 26.999 26.999 26.999 25.999 24 22.999 21.999 21.999 20.998 20.998 20.998 20.998 19.999 19.999 18.999 18 17.001 17 17.999 16.999 15.999 18.999 21.999 19.001 16.004 14.004 12.004 12.002 11.001 15.999 20.998 20.998 20.998 18.998 16.998 15.999 14.999 14.999 13.999 13.999 13.999 13.999 12.999 12.999 12 12 12 12 12.999 12.999 12.999 12.999 12.999 15 18.001 16.001 14 17 20 20.001 21.001 22.001 23.001 24.001 25.001 24.002 22.003 23.002 24.002 25.002 26.001 26.002 26.003
31 30.001 29.001 29 28.999 28 27 27.999 28.998 27.998 25.999 25.999 24.999 23.999 22.999 21.999 20.999 19.999 18 17.998 17.997 17.997 17.998 17.998 17.999 17.999 17.999 16.999 15.999 16 15.002 17 19.999 20.998 21.997 19.999 18.001 16.001 13.001 15 17.999 17.999 17.999 15.999 13.999 13.999 13.999 13 12.001 12.002 13.002 13.002 12.002 12.001 12 11.999 11.999 11.999 12.001 12.001 11.001 11.001 11.001 15.001 20.001 17.002 14.002 17.001 20 21 22 22.999 24.996 25.999 27.002 27.003 27.005 27.005 28.004 28.004 28.003 29.003 31.001
30.998 30.998 29.998 28.999 27.999 27.999 26.999 26.999 25.999 24.999 23.999 23.999 22.999 22.999 21.999 20.999 19 18 17 15.001 12.001 13.001 14.999 14.999 15.998 15.998 15.999 14.999 14 15.999 17.999 18 19.001 17.999 16.998 17.999 19.001 17.001 14.002 15.001 15.999 15.999 15.998 14 12.001 12.001 13.001 13.001 12.999 15 17 17 16 14.001 12.001 11.001 10 10.999 12.999 12.999 12.001 12.001 12.001 17 23 21.002 18.005 19.004 20.003 21.002 22.001 21.001 19.002 25 30.999 33.001 35.003 35.003 35.003 35.003 34.004 34.003 33.005
27.999 27.999 26.998 26.998 25.998 25.998 24.999 24.999 23.999 22.999 21.999 21.999 20.999 20.999 19.999 18.999 17.999 17.998 16.998 15.999 14.001 14.001 14.001 14 13 13.001 14.001 14 13.999 14.999 15.999 17.999 19.999 17.001 13.003 16.001 20 19 17.001 15.999 13.999 13.999 12.999 13 14 14.001 15.001 14 12 14.998 17.997 16.998 15.999 14.999 13.001 12.001 10.001 10.001 11.001 12.001 13 13.001 14.001 17.999 22.997 23.998 25.999 26.001 26.002 25.002 24.002 23.003 22.003 26 29.999 34.997 40.995 40.998 41 41.001 40.002 40.003 41.003
26.997 25.998 23.998 22.999 21.999 21.999 22.999 22.999 21.998 21.998 20.999 20.999 19.999 19.999 18.999 18 16.001 15 13.999 13.999 15 14.999 14.999 13.999 12.999 14 16 14 11.999 12.998 13.998 15.998 17.998 17.999 17.002 18.001 19.999 19 18.001 15.001 12.001 12 11.999 12.998 13.998 14.998 15.998 13.999 12.001 12.001 13 13 14 13.999 14.998 13.999 12.002 12.001 12.999 12.999 13 14 15 16 18 20.999 24.998 26.998 29.998 28.998 27.998 27.999 27.001 27.001 27.999 29.998 32.996 36.996 40.997 41.999 43.001 45 47.001
22 22 21 20.999 20.999 20.999 21.998 20.999 19 19 18.999 18.999 17.999 17.999 17.999 17.999 16.999 15 12 13 14.999 13.999 12.999 12.999 11.999 13.999 15.999 13 10 10 10.001 11.999 14.998 16.998 19.998 19.997 18.997 18.997 19.996 16.998 12.999 11.999 10 10 10.999 10.999 11.999 11.999 12.999 12.999 12.999 12.999 13.999 12.999 12 13.001 15 13.001 11.001 12.001 13 14 15.001 16.001 18.001 20 22 24 27 26.001 25.002 27 28.999 27.999 27.001 27 26 30.999 35.999 39.999 44 46.001 49.002
21.999 21.999 20.999 19.999 18.999 18.999 18.999 18.999 19 18.999 17.999 16.999 15.999 15.999 15.999 15.999 14.998 13.999 12 12.999 13.999 12.999 11 10.999 10.001 11.999 13.999 12 10.001 10.001 11 11 11.001 13 15.999 14.999 13 12.999 13.999 12.999 10.998 10.998 9.999 10 10.001 10.001 10.999 10.999 10.999 10.999 11.998 11.998 11.999 11.999 12 14 16 15 13 13 13.001 14.001 16 17.999 19.999 21.001 23.002 25.001 27.001 27.001 28.001 28 27 27 27.999 26.999 26.001 30 33.999 38.999 44.999 47.999 51.999
20.999 19.999 18.999 17.999 17 17 16.999 17.999 18.998 17.999 16.001 16.001 15.002 15.001 14.999 13.999 12 11.999 10.999 10.999 11.999 10.999 10 10 11 11 11.999 11.999 12 11.999 10.999 10.999 11.998 12.998 14.998 13.998 11.999 11.999 12.998 10.999 8 8.001 9.001 10.001 10.999 10.999 10 10.001 10.001 10.001 9.001 9.001 10 11.001 12.001 14 16 15 13 13.001 14.001 15.001 16.001 17.001 18.002 22.001 26 27.001 29.001 29.001 29 28.001 27.002 27.002 26.002 26.002 27.002 30.001 33 37.999 43.998 46.999 50.999
18.998 17.998 16.998 16.998 16.999 16.999 15.999 16.001 16.002 16.002 17.002 18 18.998 16.998 13.999 13 12.002 11.002 10.001 10.001 10.001 10.001 10 10 11 11 11 11 11.999 11 10 10 9.001 10 10.999 10.999 10 10 9 9.001 8.002 9.001 10.999 10.999 10.001 10.001 10.001 11.002 12.002 11.002 10.001 10.001 10.001 11.999 13.999 14.999 16 15 13.001 14.001 16 16.001 17.001 19.002 22.003 24.002 27.001 29.002 31.002 30.002 29.002 29.002 30.001 30.001 30.001 30.001 30.002 32.001 34 37 41 44.999 49.998
15.999 14.999 13.999 13.999 14.998 14.999 15.001 17 18.999 18.999 19.999 17.999 15.998 14 12.001 13 14.999 14 12.001 12.001 11.001 11.001 10 10 10.999 10.999 10.999 10.999 10.999 10.999 10 10 10.001 10.001 9.002 9.002 10.001 10 8.999 9.999 10.999 10 9.001 10.001 11.001 11.002 12.002 14.001 15.999 14 11 11.001 11.001 11.001 12.001 14 16 15.001 14.002 15.002 17 17.001 18 22.999 27.999 28.001 29.002 32.001 35.001 34.002 33.002 32.003 31.004 31.003 31.002 32.001 33.001 34.001 35.001 38 41.999 44 47.001
13.998 13.998 12.999 12.999 12.001 14 15.999 16.999 17.999 17.999 18.999 16.001 13.001 13.001 13.001 13.001 14.001 14 12.999 12.999 13.001 12.001 10.001 10.001 10.001 10.001 10 10 10.001 10.001 10 10 11 11.001 12.001 12.001 11.001 10.001 8.002 9.001 10.001 10.001 11.001 12.001 13.002 14.001 16 16 15 13.001 11.002 12.001 13.001 13.002 14.002 15.001 16.001 17 17.999 18 18.001 18.001 18.001 22 25.999 29 32 34 37 37.001 37.001 37.002 38.002 36.003 34.003 34.002 35.001 36.001 37.001 38.002 40.003 44.003 49.002
11 11 11.001 12.001 13.001 13.999 14.998 15.998 16.998 16.998 17.998 16.998 14.998 14.998 13.999 14.999 15.999 14 11.001 12.001 14.002 13.001 11 11 10.999 10.999 10.001 10.002 11.002 11.002 10.002 10.002 11.001 12.001 13 13 12.001 12.001 11.001 11.002 11.003 11.003 12.002 14.001 16 16.001 17.001 16.002 15.002 15.002 14.002 14.002 15.002 16.001 17.001 17.001 17.002 17.002 17.001 18.001 19.001 19.001 20.001 22.001 25.001 29 32.999 35 38 38.001 39.002 40.001 41.999 41 39.001 38.001 36.002 37.002 39.003 42.004 45.005 49.003 53
11.002 11.002 12.002 13.002 14.001 13 11 11.999 12.998 12.999 13.999 13 11.001 11.001 11.999 13 15 14.002 12.004 14.002 16.999 14.001 11.002 11.001 10.001 10.002 11.002 13 14.999 14.999 14.001 14.001 13.001 13.001 13 13.001 14.001 14.001 13.002 14.001 16 16.001 16.002 16.002 17.001 18.001 19.001 19.001 19.001 19.001 18.001 18.001 18.001 18.001 19.001 19.002 20.002 20.001 19.001 20 21 21.001 22.001 24 27 29 32 35 38 40 42 42.001 41.001 41.001 41.001 40.001 39.001 41 44 49.001 54.002 54.002 54.002
15.001 15.001 16.001 16 14.999 13 10 10 10.001 11 12.999 12.999 13.001 12.001 11 13 15.001 17.002 19.002 17.002 15.002 15.002 14.002 13.002 12.002 13.001 14 14 13 13.999 15.999 15.999 15 14.001 13.002 14.001 15.001 15.002 16.002 16.002 17.002 18.002 19.002 19.002 19.002 20.002 21.002 21.002 21.002 21.002 20.002 20.002 20.003 20.003 21.002 22.001 24 22.001 20.002 20.002 21.001 22 23 25 27 29 32 35 38 40 43 43.001 43.001 43.001 43 42.002 41.004 42.004 44.004 51.001 58 58.001 58.002
16 16.998 17.996 15.997 12.998 11.999 10.001 10.001 11.001 11.001 11 12 13.999 13 11.001 14 16.999 19.998 22.997 20.998 17.999 17.999 16.999 15.999 15 15 14.001 14.001 13.001 13.001 14.001 14.001 15.001 15.001 16.001 16.002 17.003 18.002 19.002 20.002 21.002 21.002 22.002 22.002 23.002 24.002 25.001 25.001 25.001 25.001 24.002 24.002 25.001 25.001 24.001 24 23.999 23.999 23 23 22 22 23 25 27 29 32.001 35.001 39.001 41.001 44 44.001 45.001 44.001 43.002 45.003 47.005 49.005 51.006 54.004 58.002 59.002 61.003
15.998 14 11.001 11 10 10 11 11 12 12 11 12 13 13 13.001 13.999 14.998 15.998 17.997 16.998 15.998 15.998 14.999 15 15.001 15.001 16.001 15.001 14.002 15.001 16.001 16.001 17.001 17.002 18.002 20.002 22.002 22.002 23.002 24.002 25.002 25.002 25.002 26.001 27.001 27.001 26.001 26.001 26.002 26.002 27.001 27 26 26 25 24.001 23.001 23.001 23 23 22.001 22.001 23.001 24.999 26.999 29.998 33.996 36.997 40.997 42.999 45.001 45.003 46.005 46.008 46.01 50.009 55.008 58.006 62.003 62.003 61.004 63.004 66.004
13.001 13.001 12.002 11.002 10.002 10.002 11.001 11.001 12.002 12.001 11.001 12.001 13.001 13.001 14.001 13.001 12.001 12.001 12.999 12.999 12 13.001 14.001 15.001 16 16.001 17.001 17.001 17.001 17.001 18.001 18.001 18.002 20.002 22.002 23.002 25.002 26.002 27.002 28.002 29.002 29.002 28.003 28.003 29.002 29.002 28.002 28.001 29 29 28.001 27.001 26.001 26 24.999 25 25.001 24.001 23.001 23.001 23.002 23.002 24.002 24.003 25.003 26.003 28.003 32.001 36 41.001 47.003 51.003 55.004 59.004 63.006 66.004 70.003 69.004 68.004 68.003 67.004 70.002 73.999
