simulator/DEM/srtm_37_02-red.asc
ncols         601
nrows         1201
xllcorner     3.4995833333
yllcorner     50.4995833333
cellsize      0.00083333333333333
nodata_value  -9999
[rows 296 to 332 of 1201, columns 83 to 165 of 601]
-0 1.999 1 0.001 0.001 0 -0.999 -1.999 -1.999 -1.999 -1.999 -1 -1 -0 0 -0.999 -1 -1.001 -1.001 -2 -1.001 -0.001 -0 0.001 0.001 0 -0.999 -1.999 -1.999 -0.999 -0.999 -1 -1 -1 -1 -0.001 -0.001 -0.999 -0.999 -0.999 -0.999 -0.999 -0.999 -0.001 -0.001 -1 -0.001 0.999 0.999 1 0.999 -0.001 -0.001 -0.999 -0.999 -1 -1 -1.999 -1.999 -1.999 -0.999 -0 0 -1 -0.001 0.999 -0.001 -1.999 -1 -0 0 0 0 0 0 1 1 0.999 0.999 0.001 0.001 0.002 0.002
0 0.999 0.999 1 0.999 -0.001 -0.001 -0 0 -0.001 -0.001 -1 -1 -0.001 -0.001 -0.001 -1 -1.999 -1.999 -1.999 -1.999 -1 -0.001 0.999 0.999 -0.001 -0.001 -0 0 0.999 -0.001 -1.001 -1.001 -1 -1 -1 -1 -0.001 -0.001 0.998 0.999 0 -0.001 -1.001 -1.001 -1.001 -1.001 -1 -0 1 0.001 -0.999 -0.999 0.001 0 -1.001 -1.001 -1 -1 -0.001 -0.001 -0 0 -0.999 -0.999 -0.998 -0.998 -0.998 -0.999 -0.001 -0.001 -0 0 0.001 0.001 0.999 0.999 0 0 0.999 1.999 2.999 2.999
0.001 0.001 0.002 1.002 0.002 -1.998 -0.999 -0.001 -0.001 -1.001 -1.001 -1.001 -1 -0.999 -0.999 -0.999 -0.999 -0.999 -0.999 -1 -1 -1.001 -1 -0.999 -0.999 -1.998 -0.999 -0 -0.001 -0.001 -1.001 -2.999 -1.999 -1.001 -1.001 -1 -1 -1.999 -1.999 -2 -1 0.001 -0.999 -2 -2 -2 -1.999 -0.999 -0 0.999 0.999 0.999 0.999 0.999 0 -1.999 -1.999 -0.999 -0.999 -0.999 -0.999 0.001 0.001 1.001 1.001 1.999 1.999 1.999 0.999 -0.999 -0.999 0.001 0.001 0.999 0.999 0 0 0.001 0.001 0.001 1 2 2
1.999 2 3 4.999 3.001 1.001 0.001 -1.999 -1.999 -2.999 -2.999 -2 -1 0.999 0.999 0 0 -0.001 -0.001 -0.999 -0.999 -1.999 -1 -0 0 0.999 0.999 0.001 -0.999 -1.999 -1.999 -0.999 -1 -2 -2 -1.001 -1.001 -1.001 -1 -1.999 -0.999 1 0.001 -1.999 -1.999 -1.999 -1 -0 0 0.001 0.001 0.001 0.001 0 0 0.001 0.001 0.001 0.001 1 1 1 1 1.999 1.999 1 1 0.001 0.001 1 1 1.001 1.001 0.001 0.001 0.001 0.001 1.001 1.001 1.001 1.001 1.999 1.999
1.001 2 2.999 3.999 3.999 2.999 1 -0.999 -0.999 -1.998 -1.998 -1.998 -0.999 -0 0 -0.001 -0.001 -1.001 -1 -0 0 -0.999 -0.999 0.001 0.001 -0.001 -0 1 1 0 0 0.001 -0.999 -1.999 -1.999 -1.998 -1.998 -1.999 -0.999 -0 0 1 1 0.001 0.001 -0.998 -0.998 0.001 0.001 1.001 1.001 2.001 1.001 0.001 0.001 1.001 1.001 2.001 2.001 1.001 1.001 0.999 1.001 1.002 1.002 1.003 1.002 2.001 2.001 1.001 1.001 2.001 2 1.999 1.999 0.999 0.999 1.998 1.998 1.997 1.998 0.999 0.999
2 2.001 2.001 2.002 2.002 1.002 1.002 1.002 1.002 2.002 2.001 1.001 1 0 0.001 -0.998 -0.998 -1.998 -0.999 -0 0 0 0.999 1.999 1 -0.998 0.001 0.999 0.999 -0.001 -0.001 0.999 0.999 0.001 0.001 0.999 1 0.001 0.001 0.001 0.001 0.999 0.999 1.999 2 2.001 2.001 2.001 2.001 2.001 2.001 3 3 2 2 2.001 2.001 3 3 3 2 0 1.999 3.999 4.999 7 5 3 2.999 1.999 1.999 2.998 1.998 0.998 -0.001 -1.001 -1.001 -2.001 -2 -2.999 -1.999 0 0.001
2 2.999 3.999 4.999 5 5.001 5.002 5.003 5.002 5.001 4 2 1 0.001 1.001 2.001 2.001 1.002 1.002 0.002 0.001 0.001 0.001 0.002 1.001 1.999 1 0.001 -0.999 -1.998 -0.999 0.001 0.001 1 1 0.001 1.001 2.001 2.001 1.001 1.001 0.001 0.001 1 2 3 3 3 3 2.999 2.999 3 3 2.001 2 2.999 2.999 2.999 2.999 2.999 1.999 0 0.999 1.998 3.998 6.996 4.998 2.999 1.999 1 0.999 -0.001 -1 -2 -2 -2 -2 -3 -2 -1 -0.001 0.999 0.999
1.999 1.999 2.998 3.998 4.998 5.999 7.998 9.998 8 6.002 4.001 1.001 1.001 1.999 1.999 2.999 3.999 4.999 3.999 3.001 2.001 1 1.999 2.999 1.999 1 1 1.001 1.001 1.001 1.001 1 1 1.001 1.001 1.001 2.001 3 2.999 1.999 1.999 1 1 1.001 2 3 3 3 3 2.001 2.001 3 3 2.999 2 1 0.999 1.998 1.998 0.999 0.999 0 0 -0.999 -0 0.999 0.999 1 1 0.999 0 -1 -1 -1.999 -1.999 -1.999 -2 -3 -2 -1 -1 -0.001 -0.001
0.999 0 0 1 1.999 3.998 4.998 6.997 7.996 8.996 5.998 3 2 1 1 0.999 1.999 2.999 2.999 3.999 2.999 1 1 0.999 0.999 1 1 1.999 1.999 2 2 1.001 1.001 1.999 1.999 2.999 2.999 3 2.001 1.001 1.001 1.001 1.001 2.001 2.001 3 2.999 2.998 2.998 3.998 3.998 2.999 2.999 2 1.999 0.999 -0.001 -1 -0.999 0.001 0.001 0.002 0.001 0 0 0.001 0.001 1 1 0.001 0.001 -0.999 -0.999 -1 -1 -0.999 -1.999 -2.999 -2 -1 -1 -1.001 -1.001
0.001 0 0 0.999 0.999 0.999 0.999 1.999 1.999 2.998 2.998 1.999 1.999 1 1 0.001 0.001 1 1 1.999 1.999 1 0.999 -0.001 -0 1 1 1 1 1.999 1.999 1.999 1.999 0.999 0.999 1.999 1.999 2.998 2.999 2.999 2.999 2.999 2.999 2.999 2.999 2.999 1.999 -0 -0.001 -0 0.999 1.998 1.998 1.998 0.999 -0.999 -0.999 -0.999 -0 0.999 1.998 2.998 1.999 0 0 0.999 0.999 0.999 0.999 0.999 0.999 -0.001 -0.001 -1 -1 -0 -0.999 -1.999 -1.999 -1.001 -1.001 -1.999 -1.999
1 0 0 0.001 0.001 -0.999 -0.999 0.001 0.001 0 0 0.999 0.999 0.999 0.999 1.998 1.998 0.999 0.999 0 0 1 0.001 -0.999 -0 1 1 1 1 0.999 0.999 -0.001 -0.001 -0.999 -0.999 0.001 0.001 0.001 1.001 2 2 1.999 1.999 2 1.999 0.999 0 -1 -1 -0 -1 -2 -1.999 -0.999 -0.999 -0 0 0.999 -0.001 -1 -1 -0.001 -0.001 -0.001 -0.001 -0.002 -0.001 -0.001 -0.001 -0.001 -0.001 -1.001 -1.001 -1 -1 -0 0 -1 -1 -1.999 -1.999 -1 -1
1 0 0 0.999 0.999 0 0.001 1.001 1 -0.001 -0.001 -0.001 -0.001 -0 0 -1 -1 -1 -1 -0.001 -0 1 1 0 0.001 1.001 1.001 1 0.999 -0.001 -0.001 -1 -1 -0.001 -0 1 1 1.999 1.999 1.999 1.999 1 1 1.999 1 0 0 -0.999 -0.999 -0.001 -1 -1.999 -0.999 -0 0 -0.001 -0.001 -1 -1 -1 -1 -1 -1 -1 -1.999 -2.998 -1.999 -0.999 -0.999 -1 -1 -2 -1.999 -0.999 -0.999 -0 0 -0.999 -0.999 -0.999 -0.999 -0.999 -0.999
0.999 -0.001 -0.001 -1.001 -1.001 -0.001 0.999 1.998 0.999 -0.999 -0.999 -0.999 -0.999 -0.001 -0.001 -1.001 -1 -0.999 -0.999 -0.999 -0 0.999 0.999 0 0.999 1.999 1.999 0.999 0 -1.998 -1.999 -1 -0.999 -0.999 0.001 1.001 1.001 0.001 0.001 0.999 0.999 0.999 0.999 0.999 0.999 0.001 0.001 0 -0.001 -1.001 -1.001 -0.001 -0.001 -0.001 -0.001 -1 -1 -1 -1 -0.999 -0.999 -0.999 -0.999 -1 -1 -0.001 -0.001 -0.001 -0.001 -0.999 -0.999 -1.999 -0.999 -0.001 -0.001 -0.001 -0.001 -0 0 -0.001 -0.001 -0 0
0.001 -0.999 -0.999 -1.999 -1.999 -1 -1 -0.999 -0.999 -0 0 0 0 -0.999 -0.999 -1.999 -1 -0.002 -0 0.002 0.001 -1 -0.999 0.001 0.001 0 0 0.001 0.001 0.999 0 -0.999 0.001 1.001 1 1.999 1.999 1 1 0 -0.001 -0.001 -0.001 -0.001 -0 1 0.999 -0.001 -1 -1.999 -1.999 -1.999 -1.999 -0.999 -0.999 -0.999 -0.999 -0.999 -0.999 -0 -0.001 -0.001 -0.001 -0.999 -1 -1.001 -1 -0.999 -0.999 -0.001 -0.001 -0.001 -0.001 -0.999 -0.999 -0.999 -0.999 0.001 0.001 -1 -1 -0 0
0.999 0.999 0 -1 -1 -1 -1 -0.001 -0.001 -0.001 -0.001 -0 0.001 0.001 0.001 -0.001 -1 -2.998 0 2.999 1 -0.999 -0 0.999 0.999 0 0 0.999 0.999 -0.001 -0 0.001 1.001 2.001 1 -0.001 -0.001 0.999 0.999 -0.001 -1 -1.999 -1.999 -0.999 -0 1 0.001 -0.998 -0.999 -0.999 -0.999 -0.001 -0.001 0.999 0.999 0.999 0.999 0 0.001 0.001 -0.998 -1.998 -0.999 0.001 -0.999 -1.999 -0.999 -0 0 -1 -0.999 -0.999 -0.999 -0.001 -0.001 -0.001 0.999 1.999 0.999 -1 -1 -0.001 -0
0.001 0 0 -1 -1 -1 -1 -1 -0.999 -0.999 -0.999 -0 0.999 1.998 0.999 -0.998 -0.998 0.001 1 1.999 0.999 0 -0.001 -1.001 -1.001 -0.001 -0.001 -0 0 -1 -0 1.999 1.999 2.999 1 -1 -1 -0 0 -0.999 -0.998 0.002 0.001 0 0 0.999 0.999 1.999 1 0.001 0 -1 -1 -0 0 0.001 0.001 0 0.999 1.998 1.999 1 1 1 1 0.001 0.001 0 0 -0.999 -0 1 0 -1 -1 -1 -1 -0.001 -0.001 -1.001 -1.001 -1 -0
1.001 0.001 0.001 -0.999 -0.999 -0.998 -0.998 -0.998 0.001 1.001 1.001 0 -0.001 -1.001 -0.001 1.999 1.999 0.998 0.998 -0.001 -0.001 -0.001 -1 -1.999 -1.999 -1 -1 -0 0 -0.999 0.001 1 0.999 1.998 -0 -1.999 -0.999 0.001 0.001 0.002 2.001 4 2.001 0.002 0.002 0.001 0.001 0.999 0.999 0.999 0 -0.999 -0.999 -0.001 -0.001 0.998 0.998 -0.001 -0 -0.999 0.001 0.999 0.999 0.999 0.999 1 1 0 0 0 0 0.999 0 -0.999 -0.999 -0.999 -1 -1.001 -1 -1.999 -1.999 -0.999 -0
2.999 1.999 1 0.001 1 1.999 1.999 1.999 1.999 2.999 1.999 -0 -1 -1.999 -1 0.999 -0.001 -1.999 -1.999 -1.999 -1.999 -0.999 -0.999 -1 -1 -1.001 -1.001 -0.001 -0 1.001 1.001 1.001 0.001 -1 -1 -0.001 -0.001 1 1.999 3.999 3.998 3.998 3.998 3.998 3 1.002 1.002 0.001 0.001 -0.999 0.001 1 0.001 -0.999 -0.999 -1.998 -1.998 -0.999 -0 0.999 0.999 -0.001 -0.001 -0 0 1 1 0.001 0.001 0 0 0 0 1 1 0 -0.999 -1.999 -0.999 -0.001 -0 0.001 0.001
1.999 1 1 1.001 1.001 1 1 0.001 1 1.999 0.999 -1 -1 -0.999 -0.999 -0.999 -0.999 -0.999 -0.999 -0 0.001 0.002 0.002 -0.997 -0.998 -1.999 -1.999 -1.998 0 1.999 1.999 1.998 0.999 -1 -1 -1.999 -0.999 1 1 1.999 1 0.001 0 0.999 2.998 4.998 3.998 2 2 1.001 1.001 1.002 1.001 0.001 0.001 1.001 1.001 1.001 0.001 -0.999 -0.999 -0.999 -0.998 0.002 0.002 1 1 0.999 0.999 0.001 0.001 0.001 0.001 1 1 0 0 -0.001 -0 -0.999 0.001 1 1
0 0.999 0.999 1.998 1.998 0.998 0.998 0.999 0.999 0 0 -1 -1 -0.001 -0.001 0.999 0.999 0 0 0 0.999 2.998 2.999 4 2.001 0.002 0.002 1.002 1.001 1 0 -1 -1 -1.999 -1 -0.001 -0.001 0.999 0.999 0.999 0.999 1 0.001 -0.999 0.001 0.999 0.999 1.999 1.999 2.998 2.998 3.998 2.999 1.001 1.001 2 2 2.001 1.001 0.001 0.001 1.001 2.001 4 2.999 1 0.999 0 0 0.999 0.999 0.999 0.999 0.999 0.999 0 0 -1 -0.001 0.999 0.999 0.999 0.999
0 -0.999 -0.999 -1.999 -1.999 -2 -2 -1 -0.999 0.001 0 -1 -1 -1 -0.999 0.001 0.001 0 0 0.001 0 -0.001 1.998 3.997 3.997 3.997 3.997 3.998 2.999 1.001 0.001 -0.999 -0.999 -1 -0.999 -0.998 -0.998 0.001 0.001 0.001 0.001 0.999 0.999 0.999 0.999 0.001 0.001 0 0 0 0 0.999 1.999 3 2.999 1.998 1.998 2.998 1.999 1.001 1.001 1.999 2.999 3.999 2 0.001 0 -0.001 -0.001 -0 0 -0.999 -0.999 -0 0 0.001 0.001 -0.999 -0.999 -0.001 -0.001 -0.001 -0
-0.001 0.998 0.998 -0.001 -1 -1.999 -1.999 -0.999 -0 0.999 0 -0.999 -0.999 -0.999 0.001 1.999 1 0 0 0.999 0 -0.999 -0.999 -0.999 -0.999 -0.999 -0.999 0.001 1.001 1.999 1.999 0.999 -0.001 -1 -0.001 1.998 1.998 0.999 0.999 1 1 0.001 0.001 0.001 0.001 1 1 0 0 0 0 0 1 3 1.001 -1.998 -0.999 0.001 1.001 2.001 1.999 0.999 0.999 2 1.999 0.999 0 -1 -1 -0.001 -0.001 -0.001 -0.001 -0 0 0.999 0.999 0.001 0.001 -0.999 -1 -1.001 -0.001
-1 -1.999 -1.999 -1 -1 -0.999 -0.999 -0 0 0.001 0 -0.001 -0.001 0.999 0.999 0.998 0.998 -0.001 -0.001 -0 0 0.001 0.001 1 1 0.001 1.001 2.001 2.001 1.002 0.001 -0.999 -0.999 -1 -0.999 -0.998 -0.998 0.002 0.002 1.001 1.001 1.999 1.999 1.999 1.999 1.001 1.001 0.001 0.001 0.001 0.001 0.002 1.001 3 2 1 1 1.999 1.999 2.999 1 -1 -0.001 1.999 0.999 -0.001 -0.001 -0.999 -0.999 -0.999 -0.999 -0.999 -0.999 -0 0 -0.001 -0.001 0.999 0.999 0.001 -0.999 -1.999 -1.999
-0.999 -0.999 -0.999 -0.999 -0.999 -0 0 0 0 0.999 -0.001 -0.999 -0.999 0.001 -0.999 -1.999 -1.999 -1 -1 -0 0 1 1 0.999 0.999 1 1.999 3.998 3.999 3.999 2.001 0.001 0.001 -1 1 3 3.001 4.001 4 2.999 1.999 -0 -0 1.001 1.001 2 1.999 0.999 0.999 1 2 3.001 3 2.999 1.999 1 1 1.001 1.001 1 0.001 -0.999 -0.999 -0 0 -1 -0.999 0.001 0.001 1 1 0 0 0.001 0.001 -0.999 -0.999 -0.001 -0.001 0.999 0 -0.999 -0.999
0.001 1.001 1.001 1 1 0.001 0.001 0.001 0 -1 -1 -0 0 1 1 0.001 0.001 -0.999 -0.999 -0 0 1 1 0 0.001 1.001 1.001 1 1.999 2.999 2.999 2 1.001 -0.996 1.002 4 4.001 5.001 4.001 2.002 1.002 -0.996 0.003 2 2.001 2 1.001 0.001 0.001 0.999 1.999 3.999 2.999 1 1 1 1 1.999 1.999 1 1 0 0 -0.001 -0.001 -0.999 -0 0.999 1 1.001 1 -0.001 -0.001 0.999 0.999 1 0.001 -0.999 -0.999 -0 0 1 1
1 2 1.999 0.999 0.999 0.999 0.999 1 0.001 -0.999 -0.999 0.001 0.001 0.999 1 1.001 1.001 1.001 1 0 0 0.999 0.999 -0.001 0.999 1.999 1.999 1 1 1.999 1.999 1.999 3.001 5.001 5 3.999 4.999 5.999 5.998 4.998 4.998 5.998 4.999 3.001 3.001 2.001 2.001 2.001 1.001 0.001 1 2.999 1.999 0.999 0.999 0.999 0.999 0.001 0.001 1.001 1.001 0.001 0 -1 -1 -0.001 -0.001 -0 0.999 1.998 0.999 -0.999 -0.999 -0.001 -0.001 0.999 0.999 1 1 0.001 0.001 1 1
1.001 2 1 0 0.001 0.001 0.001 1.001 1.001 0.001 0.001 1 1 0.001 1.001 2.002 2.001 2 1 0 0 0 0 -0.999 0.001 1.001 1.001 1 1 1.001 1.001 1.001 3.999 6.998 4.998 2.998 2.998 3.997 2.998 1.998 1.998 1.998 2.998 3.999 3.999 3.001 3.001 3 2.001 1.001 1.001 1.001 1.001 0 0 0 0 1 1 2 2 1 0.001 -0.999 -0.999 -0.999 -0.999 0.001 0.001 -0.999 -0.999 -0.001 -0.001 -0.999 -0.999 -0 0.001 1.001 1.001 1 1 0.999 0.999
2 1.999 1 0.001 1 1.999 1.999 3 2.001 1.001 1 0.999 1 1.001 3 5.999 4 2 1 0.001 0.001 0.001 0.001 0.001 1.001 1.999 1.999 0.999 1 2.001 2 1.999 2.999 3.999 2 0.001 0.001 -0.999 -0.999 -0.999 -0.998 -0.998 0.001 1.999 2.999 3.998 3.998 2.999 2.999 1.999 1.999 2.998 1.999 0 0 -0.001 -0 1 0.999 1.998 1.999 1 1 0 0 0 0 1 1 0 0 -0.999 -0.999 0.001 0.001 0.001 1.001 2.001 2.001 1.001 1 -0.001 0.001
1.999 0.999 0.999 1 1 0 0.999 2.998 2.998 1.998 0.999 0 0.999 1.999 2.998 3.998 2.998 1 1 1.001 1.001 1.999 1.999 2 2 1 1 0 1.001 3.001 2.001 0.999 0.999 1.999 1.999 1.001 1.001 0.001 0.001 1 1.999 2.998 1.999 1.001 1.001 1.001 1.001 1.999 1.999 0.999 0.999 0.001 0 -0.001 -0.001 -0.999 -0 0.999 0 -1 -0 1.001 1.001 0.001 0.001 0 0.001 1.001 1.001 0.001 0.001 1.001 1.001 1 1 2 2 2.999 2.999 1.999 0.999 -0.999 1
1.001 0.001 0 0.999 0.999 -0.001 -0.001 -0 0 -0.999 -0.999 -0 0 0 0 0.001 0.001 0.001 1 2.999 2 1.001 1.001 2 2 1.001 1.002 0.004 2.002 5.001 3.001 0.002 0.002 1.001 1.001 1.999 1.999 1 1 0.999 0.999 0 1 3 3 2.999 1.999 0 0 0 0 0.999 0 -0.999 -0.999 -0 0 0.001 0.001 -0.999 0.001 1.999 1.999 1 1 0.001 1 2.999 1.999 1.001 1.001 2.002 2.001 1.001 1 1.999 1.999 0.999 0.999 -0.001 -0.001 0.999 1.999
1.999 1 0.001 -0.999 -0.999 -0.999 -0.999 -0 0 1 1 0.001 0.001 0 0 1 0.999 0.999 0.999 1 2 3 2.999 1.999 1.999 2.999 3.998 5.997 5.998 6.998 4.999 3.001 3 2.999 1.999 -0 -0 1 1 0.001 0.001 0.002 1.001 3 3 2 1.001 0.001 0.001 0 0 0 0.001 0.001 0.001 0.001 0.001 1 1.001 1.001 1.001 1.001 1.001 1 1 1 1 1 1 1.999 2.998 4.998 3.998 2 0.999 -0.001 -0.001 -0.001 -0.001 -1 -1 -0.999 0.999
0.001 0.999 0.999 -0.001 -0 1 1 0.001 0.001 1 0.999 0.999 0.999 -0.001 -0.001 0.999 -0.001 -0.999 -0 0.999 1.999 2.999 2 1 1 1 1 0.999 1.999 2.999 2.999 3.998 2.999 2 1 -1 -0.001 0.999 0.999 1.999 1.999 2.999 2.999 2.998 2.998 1.998 1.999 1 1 0 0 0 0.999 1.999 1.999 0.999 0.999 1 1.999 2.999 2.999 1.999 1.999 0.999 0.999 1 1 1 1 0 0.001 1.002 1.001 1.001 0.001 -0.999 -1 -1.001 -1 -0.999 -0.999 -0 0
0.999 0.001 0.001 -0.999 0.001 1.001 1 0.999 0.999 1 0.001 -0.999 -0.999 -0.999 -0.999 -0.999 -0.999 -0 0 0.001 1 2 2 1.001 1.001 1 1 0 0 0.999 0.999 1 1.001 2.001 1.001 -0.999 -0.999 -1 -1 -0 0.999 1.998 0.999 -0.001 -0.001 -1 -0 1 1 0.001 0.001 0 0 -0.001 -0 0.001 0.001 1 1.001 2.001 2 1 1 0.001 0.001 1 1 1 1 0.001 2.001 4.001 3.001 1.999 1 0.001 -0.999 -1.999 -0.999 0.001 0.001 0.001 0.001
-0 0.999 0.999 0.999 0.999 1.999 0.999 0 0 0.999 0.999 0.001 0.001 0.999 0.999 -0.001 -0.001 -0 0 0.999 0.999 1.999 1.999 1.999 1.999 0.999 0.999 0 0 0 0.001 1.002 2 2.998 1.999 1 0.001 -0.999 -0.999 -0 0 -1 -1 -1 -1 -1 -0 1.001 1 0.999 1 0.001 0.001 -0.999 0.001 1 1 1 2 3 2 1 1 0.999 0.999 1 1 1 1 1.999 3.999 5.998 3.999 1 0.999 0.999 0.999 0.001 0.001 1 1 1 1
0 0 0 -0.999 -0.999 -0 0 0.001 0.001 0 0 1 1 0 0 -0.999 -0.999 -0.001 -0.001 -0.999 -0.999 -0 0 0.999 0.999 0 0 0 0 0 1.999 3.998 2 0.001 0.001 1 1 1.001 1 0 0 -1 -0.999 -0.999 -0.999 -0.999 0.001 1.999 0.999 0 0.999 1.998 1.998 0.999 0.999 0.999 0.999 0.999 1.999 2.999 2 1 1 0 0 0.999 0.999 1 1.001 1.001 2.001 3.001 2.001 0.001 0 -0.001 -0 1 1 1 1 1.001 1.001
0 -0.001 -0 0.001 0.001 0.001 0.001 1 1 0 0 0.999 0.999 0.001 0.001 0.001 0.001 -0.999 -0.999 -0 0 0.001 0.001 0 0 0.001 0.001 0.001 0.001 0.001 0 0.999 0.999 0.999 0.999 1.001 1.001 2 1.001 0.001 0.001 -0.999 0.001 1.001 1 0.999 0.999 0 0 0 0 -0.999 -0.999 -1 -0.999 0.001 0.001 0.002 1.001 2.001 2 1 1 0.001 0.001 0.001 0.001 1 1.999 2.998 2.999 3.999 2.999 1 0 -0.999 -0 1 1 0.999 0.999 1.999 1.999
0.002 -0.998 0.001 1 1 1.001 1.001 1.001 1 -0.001 -0.001 -0 0 1 1.001 1.001 1.001 1 1 0 0 0.999 0.999 -0.001 -0.001 0.999 0.999 0.999 0.999 0.999 -0.001 -0.999 -0.999 -0.999 0.001 2 2 1.999 2 2.001 1.001 0 0.999 1.999 1 0 0 -0.001 -0.001 -0 0.001 0.001 0.001 -0.999 -0 0.999 1.999 2.999 2.999 3 2.001 1.001 0.999 0.998 0.999 0.999 0.999 1 1 0.001 1 2 1.001 0.001 0.001 0.001 0.001 1.001 1.001 0.002 0.002 1.001 1.001
