simulator/DEM/srtm_37_02-red.asc
ncols         601
nrows         1201
xllcorner     3.4995833333
yllcorner     50.4995833333
cellsize      0.00083333333333333
nodata_value  -9999
[rows 555 to 591 of 1201, columns 0 to 82 of 601]
12.002 12.002 12.001 12.001 12 12 12.999 12 11 10 9 9.999 10.999 10.999 9.999 9.999 9.999 9.999 9 9.001 9.002 9.001 8.001 8.001 8.001 8 7 6.999 5.999 6 7.001 8 9 8.001 7.001 9.999 12.998 10 7.001 8 9 8 7 7 6.001 8 10 9 7.999 7.999 7.001 7.001 7.001 7.001 7.999 8 9 9 9.999 9.999 9.001 9.001 9.999 9.999 8.999 8.999 7.999 6.999 5 5 6 6.001 7.001 8 8.999 8.999 8 8 9 9 8.001 8.001 9.001
14.999 14.999 13.998 12.999 12 12.001 12.001 12.001 11.001 10.001 9.001 9.001 9.001 9.001 8.002 8.002 9.001 9.001 9 9.999 11.998 10.999 9.999 9.999 9 8.001 7.001 6.001 5.001 6.001 7.999 8 9 9 8 8.999 9.998 8.999 8 8 8.999 8 7 7 7.999 8.999 10.998 9 7.001 7.001 8 8 8.999 7.999 7 8 9 9 9 9 10 9.999 8.999 8.999 7.999 7.999 7 6 4.999 5 6 7 8 8 8 8 8 8 8.999 8.999 9 9.999 10.998
13.999 12.999 11 11 12 12.999 13.999 13.999 12.999 12 11 11 10.001 10.001 10.999 10.999 10.001 10.001 9.001 9.001 9.001 9.001 8.001 8.001 8.999 8.999 7.999 7.999 7 7 7 7.999 8.999 8.999 7.999 7.999 7.001 7.001 8.001 8.001 8 7.999 6.999 6.999 6.999 6.999 7.999 7.999 8 7.999 7.999 7.999 7 6.999 6.999 7.999 9 9 9 9 10 9 7.999 7.999 7.001 7.001 7 6.001 4.001 5.001 6 7.001 8.001 8.001 8.001 8.001 8 8 8.001 8.001 9.001 9 8
11.998 11.998 10.999 10.999 11.999 11.999 11.999 11.999 11.999 11.999 11 11 11.999 11 10 10 10.999 10.999 10.999 10.999 10 9.999 8.999 8.999 8 8 7.001 7 6.999 7 7.001 7 7.999 7.999 7 7.001 8.001 8.001 8.999 8.999 8 7.001 6.001 6.001 5.001 5.001 6.001 7 7.999 7 6.001 6.001 7.001 6.001 5.001 7 9 9 8.999 8.999 9.999 8.999 7 7 7.999 7.998 6.998 6.998 5.999 6 6.001 7.999 9.999 9.999 9.999 8.999 8.001 8.001 9.001 9.001 9.999 8.999 7.999
9 9 10 10 10.999 10.999 11 11 10 10 10.999 10.999 11 11 10 10 9.999 9.999 9.999 9.999 10 9.001 8.001 8.001 8.001 8.001 8 7.001 6.001 7 7.999 6.999 6 6 7 7.999 8.999 8.999 7.999 7.999 7.999 8 8.001 8.001 7.001 7 6.999 6.999 7 7.001 8.001 8.001 8.999 8 6.002 7.001 9 9 8.001 8.001 9 8 6.999 6.999 5.999 5 3.002 4.001 5.001 6 7 7.001 8.001 8.001 8.001 8.001 8.999 8.999 9.998 9.998 8.999 7.999 6
9 9.001 10.001 10 9 9.999 10.999 10.999 10.001 10.001 10 10 10.999 11 10.001 10.001 9 9 8.001 9 9.999 9.999 9 9 8.999 8.999 8.001 8 7 6.999 5.999 5.999 6 6 7 7 7.999 7.999 7 7 7 7.999 8.999 8.999 7.999 7 5.001 6 7 7.999 8.999 8.999 8.001 8.001 9.001 9.001 9.001 9.001 10 9.999 8.999 7.999 6 6 5 5 6 6 6 6.001 7.001 8.001 10 9.999 8.999 8.999 8 8 7.001 7 6.999 6.999 6
8.999 9.999 10.999 9.999 8.999 8.999 8.999 9.999 10.999 10.999 9.999 9.999 9.999 10.999 11.998 10.999 9 9 9 9 9 9 8.999 8.999 7.999 7.999 8.998 7.999 7 6.001 5.001 5.001 6 6 6.999 6.999 7 7 6.999 7 7.001 7 6.999 6.999 6.999 7 6.001 6.001 7 7 7.999 7.999 8.999 9.999 11 11 11 11 10 9.001 8.001 7.001 6.001 6.001 5.001 5.001 6.001 6.001 6.002 7.001 8.001 9 10 9.001 8.001 8.001 8 8 7.999 7 6.001 6.001 6.001
6.999 7.999 9.999 8.999 7.999 7.999 7.001 8 9 9 8.999 8.999 8.999 8.999 9 9 8.999 8.999 9 9 8.999 8.999 8 7.999 6.999 7 6.001 6.001 7 7 7 7 6 6.001 6.001 6.001 6.999 6.999 6 6.999 7.999 6.999 6 6 6 6.999 7.999 7.999 6.999 6.999 6.999 6.999 7.999 8.999 10.999 10.999 10.999 10.999 10.001 9.999 8.998 8.998 7.999 7.999 7 7 7 8 9 9 9.001 9.001 10.001 10 9.999 8.999 7.999 7.999 7 7 7.001 7.001 7.001
6 6.999 7.999 7.999 6.999 6.999 7.999 7.999 8.999 8.999 8 8 7.001 8 8.999 8.999 8 8 8.999 8.999 7.999 7.999 7.999 6.999 5.999 7 8.001 8 7 7 7.001 7.001 6.001 7.001 7.999 6.999 5 5 6 6 5.999 5.999 6 6 6 6 6.999 6.999 6 6 6 6.001 6.001 7.001 8.999 8.999 9 9.999 11.998 9 6 6 6 6 6.999 7 7.001 8.001 9.001 9.001 10.001 10.001 11 10 8.999 8 7.001 7.001 7 7.001 8.001 8.001 8.999
6.001 6.001 6.001 6.001 5.001 6 6.999 6.999 7.999 7.999 7.999 7.999 7.999 7.999 7.999 7.999 7.999 7.999 7.999 7.999 7 6.999 5.999 5.999 5.001 6.999 8.998 7.999 6.999 6.999 7.999 8 8.001 8 6.999 5.999 4 4.999 5.999 5.999 5.001 5 5.999 5.999 5.999 6 5.001 5.001 6.001 6.001 6.002 7.001 7.999 8 8.001 8.001 8.999 8.999 8.999 7.999 5.998 5.998 5.998 5.999 6 7 8.001 9.001 10.001 10.001 11.001 11 10.999 9.999 8 8 9 8.001 7.001 8.001 9 8.999 7.999
6.999 6.999 6.999 7 7.001 6.001 5.001 5.001 6.001 6.001 6.999 6.999 6.999 6.999 5.999 5.999 6 6 5.999 5.999 6.999 6 5.001 5.001 6.001 6.001 6.002 6.002 6.001 6.001 7 7.999 8.998 7.999 6.001 5.001 4.001 4.001 5.001 5.001 6.001 5.001 4.002 4.002 5.002 6.001 7.001 7.001 8.001 8.001 9.001 8.001 7.001 8.001 10 9.001 8.001 8.001 8.001 6.001 3.001 3.001 2.001 4 6 7.001 9 10 11 11 11.999 11 9.001 9.001 8 7.999 8.998 8.999 9 9 8.999 7.999 6
5.001 5.001 6 6.999 7.998 6.999 6.001 7 7.999 7 6 6 5.999 5.999 5.001 5.001 6.001 6.001 5.001 5.001 6 6 6.001 7 8 8 8.999 8.999 7.999 7.999 7 6.001 5.001 6.001 7 7 6.001 6.001 7.001 7.001 7 7.001 7.001 7.001 8.001 8.001 8.001 8.001 8.999 8.999 9.999 8.999 8.001 9.001 10.001 9.999 8.998 8.998 9.997 7 4.002 4.002 4.001 5.001 6.999 7.999 9 10 11.001 11.001 11 11 11 10 8.001 7.001 6.001 7.001 8.999 8.999 8.001 7.001 6.002
7 7 6 6 5.001 6 6.999 6.999 6.999 6.999 6 6 5.001 5.001 6.001 6.001 7.001 7.001 6.001 6.001 6 6.001 7.001 7.001 8.001 8.001 8 8 7 7.001 7.001 7.001 7.002 7.002 7.002 7.002 7.001 7.001 8.001 8.001 7.001 8 9 9 8.999 8.999 8.999 8.999 8 8 8 8 9 9.999 10.999 9 6 5.999 4.999 5.999 6.999 6.999 6.001 6.001 6.002 7.002 9.001 10.001 11.999 11.999 11 11 11 10 9 9 8.001 8.001 8 8 9 9 8.999
6.999 6.999 6 6 6.001 6 5.999 5.999 6 6 6 6 5.999 5.999 6.999 6.999 7.999 7.999 7 7.001 6.002 7.001 9 9 9.999 9 8.001 8.001 7.001 8 9 9.001 10.001 10.001 10 10 9 9 8.999 8.999 7.999 7.999 8.999 8.999 8.001 8.001 8 8.001 8.001 8.001 8.001 8.001 9 9 8.999 7.999 6 5 4 5 6.001 6.001 7 8 9.001 10 10.999 10.999 10.999 10.999 11 10.999 10.998 9.999 9 9 9.999 9 8.001 8.001 8.999 8.999 8
5.002 5.001 6 6 7 6.001 5.001 5.001 6 6 6 6.001 5.002 5.002 6.001 6.001 6.002 6.002 7.001 8.001 9.001 9.001 9.001 9.001 9 9 9 9 8.001 8.001 9 10 11.001 11.001 10.001 10.001 9.001 9.001 8.001 7.001 6.001 6.001 7.001 8 9 9 8.001 9 10 9.999 8.999 8.999 8.999 8.999 7.999 6.999 5.999 5 4.001 5.001 7 7 7 7.999 9.999 9.999 10.001 10 9.999 10 11 10 8 8 9 9 9.001 9 8.999 8.999 8 8 7.999
8.001 7.001 6.001 6.001 7 7 6.001 6.001 6 6 6.001 7.001 8.001 8.001 7.001 8 8.999 8.999 9 9 9.999 9.999 10 10.001 9.002 9.001 9 9 9 9 8.999 9.999 11.999 11.999 10.999 10.999 10.999 10 9 8.001 7.001 7.001 8.001 8.001 9 8.999 8.999 8.999 9.999 9 7.001 7.001 7 7 6 6 5 5 5 5.999 6.999 6.999 7.001 7.001 8.002 9.001 10.999 10.001 9.002 10.001 11.001 10.001 8.001 8.001 9.001 9.001 10 9.001 8.001 8.001 8 8 7
9.001 8.001 7.001 7.001 7.002 7.002 7.001 7.001 6.001 6.001 7.001 8.001 9.001 9.001 8.001 8.001 8 8 9 9.001 8.002 9.002 10.001 10.999 11.998 10.999 9 9 9.001 9.001 8.001 9.001 10 10 10 10 10.001 10.001 9.001 9.001 9.001 9.001 9.001 9.001 9 8.001 7.001 8 8.999 8.999 8.001 8.001 7.001 7.001 6.001 6 5 5 5 5 5 5.999 7.998 8.999 10.999 10.999 9.999 10.999 11.999 11.998 11.998 10.998 9.999 9.999 9.999 9.999 9.999 9.999 9 9 8 8 7.001
11 10.001 9.001 9.001 10 10 9.001 9.001 8.001 8.001 8.001 9.001 10 10 9.999 9 8.001 8.001 9.001 10.001 12.001 12.001 11 10.001 9.001 9.001 9.001 9.001 10 10 10.001 10 9.999 9.999 10 10 10.999 10.999 9.999 9.999 10 10 9.999 9.999 8.999 8.999 8 8 7.001 8 9 8.999 7.999 7.999 7.001 6.001 5.001 5.001 5.002 5.001 5 5.001 5.002 7 9.999 9.999 9 9 9.999 9 8 8 9 9.001 9.001 9.001 8.999 8.999 8.999 8.999 8 8 8.001
11 11 11 11 10.001 10.001 10.001 10.001 10.001 10.001 9.999 9.999 10 10 9.001 9.001 9.001 9.001 10.001 11.999 13.998 12.998 11 10.999 10.001 10.001 10.001 10.001 10.002 10.002 11.001 10.001 9.001 9.001 10 10 9.999 9.999 9 9 9.999 9.999 9 9 8 8 8 8 7.999 7.999 8.998 7.999 7 7 8 7.001 6.001 7.001 9 7.001 5.001 6.001 8 8.001 9.001 9 8.999 8.999 9 9 8.001 8 8.999 9.998 10.998 9.999 8 8 7.001 7.001 8 8 8.999
11.001 11.001 11.001 11.001 12 11.999 10.999 10.999 11.999 11 9.001 9.001 9.999 9.999 10 10 10.001 11 11.999 11 10 10 9.999 9.999 10.999 10.999 12 12 12.999 12.999 12 11.001 10.001 10.001 10 10 9 9 9.001 9.001 9 9 9 9 8 8 8.001 8.001 7.001 7.001 6.001 6.001 7 7 8 8 7 7.999 9.998 8.999 7.001 8 8.999 8.999 9.999 9 7.001 8 9 9 8.999 8 7.001 7.001 8.001 8.001 8.001 8.001 8.001 8.001 8 8 8
13 13 12.001 12.001 12 11.001 10.001 10.001 11.001 11 10 10 9.001 9.001 10.001 10.001 11 11 10.999 10.999 10 10 9.001 9.001 9.001 10.001 11.999 11.999 11.999 11.999 11.999 11.999 10.999 10.999 9.999 9.999 9 9 10 10 9 9 8.999 8.999 8.001 8.001 8.999 8.999 8 8 7.001 7.001 7 7 7.999 7.999 7 6.999 5.999 6.999 8 8 8 8 9 8.999 7.999 8.001 9.001 9.001 8 8 8.999 8.999 9 8.999 8.999 8.999 9.999 8.999 7.999 7.999 7.999
12.999 12.999 12.999 12.999 12 12 12.001 12.001 12 11.001 10.001 10.001 10.001 10.001 11.001 11.001 11 11 10.001 10.001 10 10 10 10 10.999 10.999 11 11 10 9.999 9.999 9.999 9 9 8.001 8.001 9.001 9.001 9.999 9.999 8.999 9 8.001 8.001 8.999 8.999 7.999 7.999 8 8 7.999 7.999 6.999 6.999 6.999 6.999 6.999 5.999 4.999 6 8 8 8.001 8.001 9 8.001 7.001 9 10.999 9.999 8.001 8.001 8.001 8.001 9.001 8.001 7.001 8 8.999 8 7.001 7.001 6.001
12.001 12.001 12.001 12.001 12 12 13 13 12 12 11.999 11.999 11.999 11.999 12.999 11.999 10.999 11 12 11 10 10 9.999 9.999 9.999 9.999 10.999 10.999 9.999 8.999 7.999 8 9.001 9.001 9.001 9.001 10 10 9 8.999 7.999 8.999 9.999 9 8.001 8.001 7.002 7.002 8.001 8.001 7.001 6.001 5.001 5.001 6.001 6 4.999 4.999 4.001 5.999 7.999 7.999 8.999 8.999 8.999 8.999 9.001 9.001 9 9 8.999 8.999 8.999 9.998 10.998 9.999 8 8 8 8 8.999 8 7
13.001 13.001 13.001 13.001 12.001 12.001 12.999 12.999 12 12 11 11 11.001 11.001 12 11 9.999 10.999 11.999 10.999 9.999 9.999 9 9 9 9 9.999 9.999 8.999 7.999 7.001 8 9.999 9.999 9.999 9.999 10 10 9 8 7 7.999 8.999 8.999 8.999 9 10 10 9.999 9 8 7.001 6.001 6.001 6.999 5.999 4 4 5 5 6 7.001 8.001 8.001 7.001 8 9.999 9.999 9.001 9.001 8.001 8.001 7.001 7.001 7.999 8 8.001 8.001 8.001 8.001 8.001 8.001 7.001
15 15 14.001 14.001 13 13 12.001 12.001 12 12 11.001 11.001 12 12 12.001 11 9 9.999 10.998 9.999 9 9 9 9 9 9 8.999 8 7.001 7.001 8.001 8.001 9 9 9 8.999 9.998 9.998 8.999 8 7.001 7 7.998 7.999 7.999 8.999 9.999 9.999 9 9 8.001 8 6.999 6.999 5.998 4.999 4.001 4.001 5.001 5.001 6.001 7.999 9.998 8.999 8.001 8.001 9.001 9 9.998 9.998 8.999 8.999 7.999 8 7.001 8.001 9 9 8.999 8.999 8.999 8.999 8.001
14.999 14.999 15.998 14.999 13.001 13.001 13.001 13 12 12 11.999 12 12.001 12 12.999 10.999 8 7.999 8 8 8.999 8.999 8.999 8.999 9 8.999 7.999 7.999 8 8 9 9 9.001 9.001 9.001 8.001 7.001 7.001 8 8 8.999 7 5.001 6.001 7.001 7 7.999 7.999 8.999 9 9.001 8 6 4.999 3 4.001 5.002 5.002 6.001 6.001 6.999 7 7.001 8 8.999 9.999 10.999 9 7.001 7.001 8.001 8.001 7.001 8.001 9.001 9 8.999 8.999 7.999 8 7.001 8.001 9
13 13 13.001 13.001 14 14 13.999 12.999 11.999 11.999 11 11.999 12.999 11.999 10.998 9 7.001 7.001 8.001 8.001 8.001 8.001 8 8 8.999 8 7.001 7.001 8.001 8 8.999 8.999 9.999 9.999 9.999 9.999 8.999 8.999 8 8 7.001 7.001 6.002 7.001 8 7.001 6.001 7 8 8.999 9.999 8 6 4.001 2.002 5 7.999 7.998 7.998 6.999 6 6.999 7.998 7.999 7 8 9 9 8.001 9 9.999 9 8.001 9.001 10.002 9.002 8.002 8.001 7.001 8 8.999 9 9.001
13.001 13.001 14.001 14.001 14.001 14 12.999 12 10.001 10.001 11 10.999 10.998 9.999 8.001 8.001 9.001 9.001 10 9.999 8.999 8.999 7.999 7.999 8 8 8 8 8.999 8 7.001 8.001 8.999 8.999 9 9 8 8 8.001 8.001 9.001 9 8.999 8.999 7.999 7.999 7.001 7.001 8.002 8.001 8 7 5.001 5 5.998 5.998 5.999 4.999 4 4.999 5.999 6 5.001 6.001 7 7.999 8.999 8.999 9 9 9.001 9.001 9.001 10.999 13.998 12.999 12 10 8 8 8 8.999 9.999
14 14 14.999 14.999 14.999 14 12.001 12 11 11.001 11.002 10.002 8.002 8.002 9 9 10 10 9.999 9 8 8 7.001 7.001 7.999 7.999 7.999 7.999 7.999 7.999 8.999 8.999 8 8 8.999 8.999 8.001 8.001 9.001 9.001 9.999 9 7.001 7.001 7 7 8 8.999 10.999 9.999 8 7 6 4.999 3 3 4 4 4 4 5 6 7 7 7.001 7.001 8 8.001 9.001 9.001 10 10 10 10 10.001 11.001 12.002 10.003 8.004 8.002 8.001 8.001 8.999
14.001 14 13.999 13.999 13.999 13.998 12.998 11.999 10.999 12.998 14.997 13.998 11.999 10.999 9 9 9.999 9.999 8.999 8.999 7.999 7.999 8 8 7.001 7 5.999 6 7 7 7 7 7.999 7.999 7.999 7.999 8.999 9.999 10.999 10 9 8.999 7.999 7.999 7.001 7.001 7.999 8 9 8 7 6.999 5.998 4 2.001 3.001 4.001 4.001 4.001 4.002 5.003 6.002 7 7.001 8.001 8.002 8.002 9.001 10 10 9.999 9.999 9.999 10 11.001 13.001 16.001 15.003 14.005 12.003 9.001 9.001 8.001
14.999 14 12.001 12.001 12 11 9.999 9.999 10 9.999 9.999 9.999 9.999 9.999 9 9 9 8.001 7.001 7 6.999 6.999 7.999 7.999 8 7 5.001 6 6.999 6.999 7 7.001 7.001 7.001 6.001 7 7.999 8.999 9.999 9.999 8.999 8 7.001 7.001 8.001 8.001 7.001 8 8.999 7.999 6.999 5 3 3 3.999 4.001 5.001 5.002 6.002 8.002 10.002 9.001 7.001 8.001 10.001 11.001 11.999 11 10 9.999 8.999 8.999 8.001 9.999 11.999 14.998 17.998 19.996 22.995 16.999 11.002 10.001 9
14.001 14 13 12.999 11.999 10.999 9 9.001 10.002 9.002 8.001 8.001 7.999 7.999 8.999 8.999 8.999 8.999 7.999 7 6.001 6.001 6.001 7.001 8.001 7.001 6.001 6.001 6.001 6.001 6.999 7.999 9 8.001 7.001 7.001 7 7.001 8.001 8.001 8.001 8.001 9 9 9 9 9 8.001 7.001 7 5.999 4.999 3 3 3.001 5 7 8.001 10.001 11 12.998 11 9 10 11.999 11.999 10.999 10.999 9.999 9 8 8 8.999 8.999 9.999 11.998 13.997 13.997 14.996 13.998 12.999 11 9
14.999 13.999 12.998 11.998 10.998 9.999 8 9.999 12.998 11.999 10 9 7.001 7.001 8 8 7.999 7.999 7.001 7 6.999 7 8 8 9 8.001 7.001 7.001 8 7.001 5.002 7.001 9 9.001 8.001 8 7 7.999 8.999 8.999 8.999 8.999 8.999 8.999 8.999 9 9.001 9 8 7 5 4 2.001 3.001 4.001 5 6.999 8.998 11.997 10.998 9.998 9.999 9 9.999 10.999 10.999 9.999 9.999 8.999 8.999 8 7.999 6.999 7.999 8.999 8.999 8.999 8.999 8.999 10 11.001 10.001 9
12.999 11.999 9.999 8.999 8.001 8.001 8 8.999 9.998 9.998 8.999 9 8.001 8.001 8.001 8 7 7 7.999 7 6.001 7 8 8 8.999 8.999 8 8.001 8.001 8.001 8.001 9 9.999 9.999 8.999 7.999 7 7 8 8 8 8 8.001 8 7.999 8.999 10 9 8 7 5 4 3 3.999 4.999 4.999 5 5.999 6.999 6.999 7 8 9.001 9.001 9.001 9.001 9.001 9.001 8.001 8.001 8.001 7.001 6.002 7.001 8.001 8.001 8.001 8.001 8.001 9.999 11.997 10.998 9
10.999 9.999 8 8 8.999 8.999 8.001 8 7 7.001 8.001 9 9.999 9.999 8.999 7.999 7 7 7 7 7 7.001 8.001 8.001 8 8 8.001 9 9.999 9.999 8.999 8.999 9.001 8.001 7.001 7.001 6.999 6.999 7.999 8 8.001 8.001 9 8.001 7.001 8.001 9.999 9 8.001 7.001 5.001 4.001 3 3 3.999 3.999 4.999 5 5.001 6.001 7.001 8.001 10 10 9.999 9.999 9.999 9.999 8.999 9 9.001 9.001 9 8.999 9.998 9.999 10 10 9 8.001 7.001 7.001 8
8.999 8.999 7.999 8.001 8.002 8.001 8.999 7.999 6.999 7.999 8.999 8.999 8.998 7.999 7 7 7 7 6.999 6.999 7 8 9 9 8 8 8.999 8.999 8.999 8 7.001 8 9.999 9.999 8.999 8 6.001 6.001 7.001 7.999 8.998 8.998 8.999 8.999 8.999 8.999 8.999 8.999 8.998 7.999 6 5 3.001 3.001 2.001 3.001 4.001 5.001 6.001 7.001 9 9.001 10.001 10.001 9 9 8.999 8.999 8 8.999 9.998 9.998 8.999 8 7.001 8.001 9.999 9.999 8.999 8.999 8 8 8
7.001 7.001 7.001 8.999 10.999 9.999 8 7.001 6.001 6.001 7 7 6.001 6.001 7.001 7.001 7.001 7.001 6.002 6.002 7.001 8.001 9 8.999 7.999 8 8.001 8.001 8.001 8.001 8.001 8.001 8.999 8.999 8 8 8.001 8.001 8 7.001 6.001 6.001 7 7 7.999 7.999 7.999 6.999 5.999 5.999 4.999 4.999 4 4 4.001 4.001 5.001 6.001 7.001 8.001 9.001 10 11.999 10.999 9.001 9.001 8.001 8.001 8.002 8.001 7.001 7.001 8.001 8.001 9.001 9 8.999 8.999 7.999 8 8.001 8.001 8.001
