simulator/DEM/srtm_37_02-red.asc
ncols         601
nrows         1201
xllcorner     3.4995833333
yllcorner     50.4995833333
cellsize      0.00083333333333333
nodata_value  -9999
[rows 1036 to 1072 of 1201, columns 83 to 165 of 601]
103.994 99.995 97.996 95.997 92.997 89.997 89.997 89.998 87.998 85 82 79 77.999 75.999 75.999 75.998 76.998 78.998 77.999 76.999 75 72.001 71 69 67 65 64 63 62.999 62.999 63.999 65.998 65.999 66.999 66.999 66 64.999 63 61 59 57 54 52 49.001 47.001 45 46.001 47.001 47.001 46.002 46.002 45.002 45.002 44.001 45.001 47 49 51.999 52 51.002 51.002 52.003 53.002 54.001 52.001 50.001 50.001 50.002 53.002 56.002 63.998 71.994 71.995 70.995 69.996 67.998 70.998 73.999 70.999 66.999 66.999 67.999 70.999
92.997 90.998 90.997 90.997 87.997 83.998 84.997 85.997 84.998 83.999 81.999 79 76.999 73.999 73.998 72.998 73.998 75.998 75.998 74.999 73.999 72.999 71 69 67.001 65.001 64.001 63.001 62.001 61 61.999 62.998 63.998 64.997 64.998 65.998 64 62.001 60.001 58.001 56.001 54.001 52.002 50.002 48.002 45.002 47.001 49 49.001 50.002 50.002 49.003 48.002 46.002 46.001 47 49.001 51.003 52.003 54.004 55.005 57.005 57.003 56.001 54.001 51.002 52.002 53.002 56.001 59 60.999 62.999 62.998 62.998 62.998 63.997 67.995 72.993 68.996 64.998 65.998 66.999 68.998
86.997 86.997 85.997 84.997 82.998 79.998 79.999 80.999 80.999 81.999 80 78 75 71.999 70.998 68.998 69.997 71.996 71.998 72.999 72.999 71.999 70.999 69 68.001 66.001 65.001 64 63 61 60.999 59.999 59.999 60 61.001 63 63.001 63.001 61.001 59.001 58.001 56.002 55.001 53.001 51.001 48.002 49.001 50 51.001 53.002 53.002 54.002 52.002 49.002 48.002 47.002 51.003 56.003 58.004 61.004 63.003 66.002 62.004 58.005 56.005 54.005 55.004 57.002 58.001 59.999 59.999 60.999 59.999 58.999 58.999 58.998 59.998 60.997 60.998 61 62.999 64.999 64.999
80.999 81.999 80.999 79.999 78.999 76.999 77.998 78.998 78.999 79.999 78.999 76.999 73.999 70 67.999 64.999 64.999 65.999 67.999 70.999 70.999 71 70.001 69.001 69 67.999 66 64 63.001 61.001 60.002 59.002 59.001 59.999 61.999 63.999 63.999 63.999 63 61.001 60.001 59.001 57.001 55.001 53.001 51 51 50 53 56.001 57.001 58.001 55.001 52.001 52.001 51.002 56.002 62.001 65.001 68 69.001 70.001 68.002 66.002 64.002 62.001 62.001 61 60 58.999 58.999 59.999 58.999 57 56.999 56 56 56.001 58 61 62 64 63.999
78.998 80.999 79.999 78 76.999 74.998 74.998 75.997 76.997 77.998 76.998 74.998 71.998 68.998 65.999 63 62.999 63.999 65.999 69 70 71 70.999 69.999 68.999 67 66 64 63.999 62.999 62.999 61.998 60.998 58.999 59.999 61.998 61.999 62.999 62.999 62.001 61 59.999 58 56 54.001 51.002 51.002 50.002 54.001 58 58.002 59.003 57.002 54.002 54.002 55.002 60 64.999 66.999 68.999 69.999 71.999 70.999 69 67 64.001 63 61 59.999 58 58 58 57 55.999 55.999 55.999 56.001 57.001 59.001 61.001 62.001 63.999 62
75.998 78.998 77.999 76.999 74.999 72 71.999 70.999 71.998 73.996 72.997 70.997 68.997 65.998 63.998 61.999 61.999 61.999 64.998 68.997 69.998 70.998 69.999 68 67.999 66.999 65.999 63.999 62.999 61.999 60.999 59 58 56.999 57.999 58.998 59.998 60.999 61.998 62.998 60.999 58 57 55.001 55.002 54.004 54.003 53.004 56.003 59.003 61.003 64.002 61.003 58.003 58.003 58.003 61.002 64 65.999 67.999 68.998 69.998 68.999 68 66.999 65 63 60.001 59.001 58.001 58 57.999 56.999 55 55.001 55.001 57 59 61 63 63 62.999 61
72.999 75.998 75.998 74.998 72.999 71 70 69 68.999 67.998 66.998 64.998 63.999 62 60.999 59.999 59.999 59.998 61.998 64.998 65.998 67.998 67.998 66.998 66.998 65.998 63.998 61.998 61.999 61 60.001 59.001 58.001 56.001 56 54.999 56.999 58.999 59.001 60.002 59.002 57.003 57.002 56.002 58.002 60.002 60.003 59.005 62.004 65.004 66.003 68.002 66.002 63.002 63.002 64.001 64.001 64.999 64.999 65.999 65.999 66.999 66.999 67.999 66 64 63 61.001 60.001 59 58 56.999 56 55 56.001 57.001 58.001 59 60.999 62.999 62.999 62 61.001
70.998 72.998 72.998 71.999 70.999 69.999 69.999 68.999 67 65 63.999 62 61.999 60.999 59.999 58.999 57.999 56.999 58.999 61.998 62.997 63.997 63.997 62.998 62.997 61.997 60.998 58.998 59.998 60.999 60.999 59.999 58.999 57 56 54.001 56.001 58.002 60.002 63.002 63.002 62.004 61.004 59.004 61.004 63.005 65.004 67.004 69.003 72.001 72.001 71 69 67 66 65 64.999 63.999 63.999 64 64.999 65.999 65.999 65.999 64.999 63.999 62.999 61.999 60.999 59 58.001 56.001 56.001 55.001 57 59 59 59 60 61.001 61 61.999 61.999
66.998 68.998 68.998 69.998 69.998 68.999 68.999 67.999 66 64 62.999 61 60 59 58 56.999 56.999 56 56.999 57.998 57.998 58.997 58.997 58.997 57.998 56.998 56.998 55.999 56.999 58.998 58.998 58.998 57.998 56.998 55.999 55 58 61 63 66 67 68.001 67.002 66.003 68.003 71.003 72.002 74.001 74.001 74 72.999 70.998 68.999 66.999 65.999 64.999 63.999 62 62.999 63.998 63.999 64.999 64.999 64.998 63.999 62.999 61.999 60.999 60 59 59 58 58 57 57.999 58.999 59 59.001 60 61.999 60.999 59.999 59.999
63.998 64.997 64.998 65.998 65.998 66.998 66.998 65.998 64.998 62.999 61.999 60 59.999 58.998 57.999 56 55.999 55.999 55 54.001 54 53.999 53.999 53.998 53.998 52.999 52.999 53.999 54.999 55.999 55.999 55.998 54.999 54 54 55 57.999 61.999 63.998 65.998 66.999 68.999 70.001 71.002 73.002 76 76.001 76.001 75 73.999 71 68 67 65 64 63 62 61 60.999 59.999 61.998 63.998 62.998 61.999 61.999 61.999 61 60.001 60.001 59.001 59.001 58.001 58 56.999 56.999 57.999 58.999 59.998 59.998 59.997 58.998 57.999 58.999
61 60.001 61 61.999 61.999 62.998 62.998 62.997 61.998 60.998 59.999 58.999 57.999 56 55.999 55.001 55.001 55.001 55.001 55.001 54.001 52.001 52.001 51.001 51.001 51 51.999 52.999 53.999 54.999 54 53 53 53.999 53.999 54.999 56.999 59.998 60.998 62.998 64.999 68 71 75 76 77.001 77 76.999 75 72.001 70.001 68.001 67.001 65.001 64.001 63.001 62.001 61.001 60.001 58.999 58.999 59.998 59.999 60.999 60.999 60.999 60.999 60.999 60.999 60.999 59.999 58.999 57.999 55.999 55.998 56.997 56.997 55.998 55.998 54.999 55.999 57 58.001
61.002 61.002 61.001 61.001 60.001 59.001 59.001 58.001 58 57.999 57.999 57.001 56.001 55.002 55.002 56.001 56.001 57.001 57.001 57.001 56.001 54.002 54.001 53.001 52.002 51.002 51.002 51.002 52.001 54 54 53.001 53.001 53 53 53.999 54.999 56.999 57.999 59.999 63.999 68.998 71.999 74.999 75.999 77.999 76.999 75.999 74.999 73 71 69.001 68 66 65.999 64.999 63.999 62.999 60.999 58 57.999 56.999 57.999 58.999 58.999 59.999 59.999 59.999 59.998 58.998 57.998 56.998 55.998 54 52.999 51.999 51.999 52 52.001 53.001 55 57.001 59.002
64.002 64.002 63.002 62.002 62.002 61.002 60.002 59.001 58.001 57.001 57.001 58.001 58.002 59.002 59.002 58.002 58.002 59.002 59.002 59.001 58.001 57 56 54.999 54.999 55 55.001 54.002 54.002 54.003 54.002 54.002 54.001 53 52.999 51.999 52.999 54.999 55.999 57.999 61.998 65.997 69.997 73.997 74.998 76.999 75.999 73.999 72.999 71.998 70.999 69.999 68 66 65 63.999 62.999 61 59 57 56.999 55.999 55.999 56.999 56.999 57.998 57.998 57.998 56.998 54.999 54 53.001 53.001 53.001 52.001 51 51.001 52.001 53.001 54.001 56 59 62
67.002 68.001 67.001 66.001 65.001 63.999 62.999 61 60 59.001 59.002 60.002 61.002 62.001 62.001 61.002 61.002 62.002 62.001 61.001 59.001 57.002 56.002 54.002 54.003 55.003 56.003 58.002 58.002 59.002 58.002 57.002 55.002 53.002 52.001 51 51.999 53.998 54.998 56.998 58.999 61.999 64.998 68.997 71.996 74.995 73.995 71.997 70.997 68.999 68.999 68.999 67.999 66.001 65 63 61.999 59.999 58.999 57 56.001 55.001 55.001 55.999 55.999 55.001 55 54.999 53.999 52.999 53.998 54.998 54.998 53.998 52.999 51 52 53.001 54.002 55.003 57.002 60.001 63.002
70 68.999 68.998 67.998 65.999 63 62.001 60.002 60.002 61.001 62.002 64.002 64.002 63.003 63.003 64.003 64.002 65.001 64.001 62.002 61.002 60.002 59.003 58.003 59.002 61.002 61.001 61.999 61.999 61.999 60.999 59.999 58 56 54 51.001 51 50.999 51.999 53.999 56.998 59.996 61.996 63.996 64.996 65.995 65.996 65.997 65.997 66.997 66.998 67 67 66.999 65 62.001 60.001 58.001 58.001 57.001 57.001 56.001 56.001 55.001 55 55.999 54.999 54 53.001 51.001 51.001 52.001 52 51 51 50.999 52.001 54.001 57.001 60.001 61.002 62.003 66.002
70 67 66.001 64.001 64.001 63.002 63.002 63.001 63.001 63.001 65 68 68.001 68.002 68.002 69.002 68.002 67.002 66.002 65.002 65.001 64.001 64.001 63.001 63.001 63.999 62.999 61 60.999 60.999 59.999 58.998 57.998 55.999 54 52 51 50 50.999 51.998 52.998 53.998 55.997 57.997 57.997 57.997 58.996 59.997 60.998 61.999 64 67 67 66.001 65.001 63.001 62.001 60.002 60.001 59.001 59.001 58.001 57.001 56.001 55.001 54.001 54.001 54.001 54.001 53.001 53.001 53.001 52.001 51.001 51.001 50.001 53 56 59 62 64 66.999 68.999
70.002 67.003 67.002 66.002 66.003 66.003 66.002 65.002 65.001 63.999 65.999 68.999 70.001 72.002 72.002 73.001 72.001 71.001 70.001 68.001 67 65.999 64.999 63.998 63.998 62.998 61.998 60.998 59.999 58.999 57.999 56 54.999 53.999 53 52.001 51.001 50.002 50.001 49.001 49.001 50 50.999 52.998 52.998 51.998 52.999 54.999 58 61.001 64.001 67.001 67.001 68.001 66.001 64.002 64.002 63.002 62.001 61 60 59 58.001 57.001 57.001 56.001 56.001 56.001 56.001 55.001 55 54.999 53.999 52 52 51.001 53 55.999 58.999 61.998 63.999 66 68
74.001 72.001 71.002 70.002 71.001 72 70.001 68.001 66.002 63.003 65.002 68 71.001 75.001 75.001 75.002 74.002 73.002 71.002 69.001 67.002 65.002 63.002 61.002 61.002 60.002 59.002 58.002 58.002 57.002 56.002 55.002 54.002 53.002 53.002 53.003 53.002 53.002 52.002 51.001 51.001 50.002 50.001 50.001 50.001 49.001 51 54 58 63.001 66.002 69.002 69.002 69.001 68.001 67.001 67 66 64.001 61.001 60.001 59.001 59.001 58.001 58.002 58.002 58.001 57 57 56 55 54 53 51.999 51.999 52 53 55 57 59.001 62.001 66.001 68
74.999 73.999 73.999 73.999 72.999 72.001 71.001 70.002 69.003 68.005 68.003 69.002 73.001 77 77.001 78 77 76 74.001 71.001 70.001 68.001 66.001 64.001 64.001 63.001 63.001 62.001 61.001 60.001 59.001 58.001 58.001 57.002 57.002 58.001 57.001 56 55.001 53.002 53.002 53.001 52.001 51 50.999 49.999 51.999 54 58.999 64.998 68.999 73 72 70.001 69 67.999 66.999 65.999 64.999 63 62 61 61 60.001 61.001 62.001 60.001 57.001 56.999 55.999 54.999 53.998 52.999 51 51 51.999 52.999 55 58 61 64 68 69.001
72.998 71.998 71.998 71.999 72.001 73.002 73.002 73.002 74.003 76.003 74.004 72.004 75.002 78.002 78 77.998 76.998 75.998 74.998 72.999 70.999 68.998 67.999 66 65.999 64.999 63.999 62.999 61.999 61.001 61.001 60.001 60.001 61.001 60.001 59.001 58.001 56.001 56.001 56.001 56.001 55 53 51 50 49 51 54 58 63 67.999 72.999 71.999 71 69 67 66 65 63.999 62 61.999 60.999 60.999 61.999 62.998 63.998 60.998 57.998 55.999 54 52.999 51 50.999 50.998 50.998 49.999 51.999 54.998 57.998 61.997 64.997 68.998 70
69.998 68.999 68.999 70 72.999 76.999 76.999 77 78.999 80.999 79.999 78.001 79 80.998 77.999 74.999 73.998 72.996 71.996 70.996 68.997 65.998 65.998 65.998 64.998 63.998 62.998 60.998 60.999 61.999 61.999 61.999 61.999 61.999 61.999 60.999 59.999 58 58 58 57 55.001 53.001 50.001 50 49 52 55 58.998 62.996 66.995 70.994 70.996 70.998 68.999 67 65.999 64.999 63 61 59.999 58.999 58.999 59.998 59.998 60.997 57.998 55 54 53 52.001 50.002 49.001 48.001 48 47.999 50 52 54 57 60.999 65.997 69.997
66.999 66.999 68 70 72 74.999 75.998 76.998 77.998 78.998 78.998 78.999 78.998 77.998 75.998 72.999 70 66 65 63.999 63 62 61.999 61.999 61.999 60.999 59.999 58 58.999 59.999 59.999 59.999 59.999 59.998 59.998 58.999 58.999 57.999 57.999 57.998 56.998 55.998 53.999 51 50.001 49.001 51.999 54.998 55.998 56.999 58.999 60.999 63.999 67.998 66.999 66.001 65.001 64 63 61.001 59.001 57.001 57.001 57 57 56.001 55.001 54.001 54.001 53.001 53.001 53 51 49 48 47 49.999 52.998 54.998 56.998 58.997 61.996 65.996
64.999 66 67.999 70.999 71.998 72.997 72.997 73.997 73.998 74.999 75.999 76.999 75.999 74.999 73 71 69 66.001 65.001 63.001 63.001 62 61 60 60 59.001 58.001 57 56.999 57.998 57.998 57.997 57.997 56.998 56.998 56.997 56.997 56.997 55.998 54.998 53.998 52.997 51.998 50.999 51 50.001 50.001 50.999 52.999 55 57 59.001 62 65 66 67 66.001 64.002 63.002 62.001 60.002 58.002 58.002 57.002 57.002 57.002 57.001 56.001 56.001 55 54 52.999 51 49 48 47.001 48 49.999 50.998 52.997 53.997 54.998 58.997
63.998 65.998 66.998 68.996 68.997 67.997 67.998 68.999 70.999 72.999 73.999 75 74.001 73.001 72.001 70.002 69.002 67.003 66.002 65.002 64.001 62.001 61.002 60.002 60.002 60.002 59.001 57.001 56.001 54 54 53.001 53 52.999 52.999 51.999 51.999 52 51.999 50.999 49.999 48.001 49.001 50.001 51 51.998 50.998 49.998 51.999 55 58 61.001 63.001 65.002 66.002 67.002 67.002 67.002 66.002 64.002 63.002 62.002 61.002 60.002 60.001 59.999 58.999 57.999 56.999 54.999 53.999 51.999 50 48 48 48.001 48.001 48.001 48.001 48 48.999 50.999 53.998
59.998 62.998 62.998 62.998 62.999 62.999 64.999 67 69 72 73.001 75 75.001 75.001 74.002 73.002 73.001 72.001 70.001 68.001 66.002 64.002 64.002 63.002 63.001 63 61 59 57 54.001 54.001 54.001 53.002 52.003 52.002 51.002 51.002 52.002 51.002 49.003 49.003 49.003 50.002 52 50.999 49 47.999 46.999 50.999 54.999 58.999 63 65.002 68.002 69.002 70.001 70.001 70.001 69.001 67.001 66.001 65 64 62.999 61 59 57.999 56.998 54.999 52.999 51.999 50.001 49.002 48.002 48.002 49.001 49.001 49.001 49 48 47.999 48.998 49.998
56.999 58.998 58.999 60 61.001 62.001 64 67 69 72 74 76.001 76.001 77.001 77.001 76.001 75.001 73.001 72.001 70.002 69.002 67.003 67.003 67.003 65.001 63 61 58.001 57.002 55.003 55.002 55.001 56.001 57.001 56.002 55.003 55.003 55.003 55.002 54.002 54.002 54.002 53.002 52.002 50.002 48.001 47.001 46.001 49 53 58 64 68 72 72.001 72.002 72.001 71.001 70 68.999 67 65 63.999 62 60.999 58.999 57 54 53.001 51.002 51.003 52.003 52.003 52.003 52.002 51.002 51.002 50.001 49.001 48.001 47.001 46.001 47.001
55 56.001 58.001 60.002 62.002 64.003 65.003 67.003 70.002 73 75 77.999 77.999 78.999 78 77.001 76.001 74.002 74.001 73.001 73.001 72.002 72.001 71.999 67 62.001 61.001 60.002 60.002 60.002 59.003 57.004 58.003 59.002 59.002 60.001 60.001 60.001 59.001 57.001 57.001 57 56 55 53 50 49 47 50 53 57.999 63.998 67.998 71.998 72.998 74.998 73.998 71.998 69.999 67 66 64 63 61.001 59.002 57.002 56.002 54.002 54.003 55.003 56.002 57.002 57.001 57.001 56.001 55 54 52.001 51.001 49.001 48.999 47.999 47.999
54.998 56.998 59.999 63.999 65.999 68.999 70 72 73 73.999 74.999 76.997 76.998 77.998 77.998 77.998 77.998 76.998 75.998 74.999 74.999 75.999 73 70 67.001 63.003 63.003 64.002 64.002 64.002 64.002 63.002 63.001 62.001 62 61.999 61.999 60.998 59.998 58.998 57.998 56.998 55.999 54.999 52.999 50 49 47.001 50 53 56.999 60.999 64.997 68.996 69.997 71.998 70.998 69 68 67.001 66.001 64.001 63.002 62.002 62.001 61.001 60.001 58.002 59.001 59.999 59.999 59.999 58.999 57.999 56.999 55 53.999 52.999 51.998 49.998 47.998 45.999 45.999
51.999 53.998 57.996 61.994 63.995 66.996 69.997 72.999 72.999 73 72.999 71.998 72.997 73.995 73.996 73.997 73.997 72.998 72.998 72.999 72.999 73.999 72 70.001 69.002 68.002 68.002 68.001 68 66.999 66.999 65.998 64.998 62.998 61.998 60.998 59.998 57.998 56.998 55.998 54.998 53.998 53.998 52.998 50.999 49 49 48.001 50.999 53.998 55.998 58.997 60.997 62.997 64.998 67.997 67.998 67.999 68 68.001 67.001 66.002 66.002 65.001 64.001 62.001 62 61.999 60.999 59 58.999 58.999 57.999 55.999 54.999 53.998 52.998 50.998 48.999 46 45 44 45.001
50 50.999 51 52.001 56 60.001 64.999 70.997 71.998 72.999 71 69 67.999 65.998 66.997 67.996 67.997 68.997 69.997 70.997 70.999 72.001 72.001 72.001 72 71.999 70.999 69 67.998 65.998 64.998 62.998 60.998 58.998 57.999 56.999 55.999 54.999 53.999 52.999 51.999 50.999 50.999 49.999 48.999 47.999 48.998 49.998 49.998 50.998 51.998 53.997 55.996 57.996 60.996 63.997 64.998 66.999 68 69.001 69.001 70 68.999 67 65 62.999 61.999 59.999 59.998 58.998 57.998 56.998 55.998 53.998 52.998 51 50 48.001 47.001 46.001 45.001 44 46
50 49 50.999 52.998 56.997 61.996 63.996 66.997 68.998 70.999 69.999 68.999 66 63 61.999 60.998 61.998 63.998 64.998 65.998 68.997 72.997 72.998 73.998 72 70 68.999 67.998 65 62 60.999 59 57.999 56 56 55.001 54.001 53.002 52.002 51.001 51.001 50.002 49.001 48 47 45.999 45.999 45.999 45.999 46.999 47.998 48.998 49.998 51.998 54.998 58.999 61.999 65.999 67.999 70 69.999 69.999 67.998 65.998 63.998 60.999 59.999 58.001 57 55.999 54.999 53 52 50.001 50.001 50.002 50.002 49.001 48.001 46.999 46 44.001 46
50.001 49.001 49.001 49.999 51.998 54.996 57.997 61.997 64.996 68.995 67.996 66.997 64.998 62.998 59.999 56.999 57.999 59.998 60.998 61.998 64.998 67.998 68.999 70.999 70.999 69.999 68 65.001 64.001 62.001 60.001 58.001 57.001 56.001 56.001 56.001 56 55.999 54.999 53 52.999 52.998 50.999 48.001 47.001 45.002 45.002 45.002 45.001 45.001 45 45.999 46.999 48 52 57 60 63.999 66.999 70 69 67.999 65 62 60.999 59 58.999 59.999 57 54 53 52 52.001 51.002 52.001 54 53 51 49.001 46.001 46.001 46 45.999
52.001 51.001 50.001 49 48.999 48.999 52.997 56.996 58.996 60.996 60.996 60.997 60.997 59.998 57.998 54.998 55.998 56.998 57.998 58.998 61.998 64.999 66.999 69 69 68.999 68 66.001 65.001 63.001 62.001 60.001 59 57.999 57.999 56.999 55.999 54.999 53.999 51.999 50.999 49.001 49.001 49.002 49.002 49.002 49.002 48.001 47.001 46 45 44 46 48 52 56.999 60 63 66 70 69 67 64.001 61.001 60.001 58.001 58.001 57.999 56.001 53.002 53.002 52.002 53.001 54 53.999 53.998 52.998 50.999 49.999 48 46.999 45.999 44.999
52.999 51.999 50.999 49 48.001 47.002 49 50.999 51.998 53.996 53.997 54.998 54.998 55.998 53.999 52 52 52.999 54 56 59 63 66 69 68.999 67.999 67.999 66.999 65.999 64.998 62.998 60.998 58.998 56.998 55.999 54.999 53.999 53.001 52.001 50.003 50.003 50.002 51.002 52.001 52.001 53.001 52.001 50 48 46 45 44 45.999 48.999 51.998 55.997 59.998 64 67 70 69.001 67.001 65.001 63.001 62.001 60.002 59.001 57.001 57.001 56 55.999 54.999 54.999 53.998 51.998 49.998 49.997 48.997 47.998 46.998 45.999 44 44.001
51.002 50.002 50.002 49.003 49.003 50.002 50.002 49.002 49.001 48.001 49 50.999 50.999 51.998 51.998 51.999 52 52.001 54.001 57.001 60.001 64 66 69 67.999 66 65.999 64.999 63.998 61.998 59.999 58 56.001 54.002 54.002 53.002 53.002 54.001 54.002 55.002 55.002 54.001 54 53.998 53.998 54.998 52.998 49.999 48 46 45 44.001 45.001 47 49.001 51.002 57.001 63.999 66.999 70.998 69.999 68 66.999 65 63.999 62.998 60.998 58.998 57.998 55.998 54.998 53.998 52.997 50.997 48.997 45.998 44.998 43.998 43.998 43.999 43.999 43.998 44.999
55.001 54.002 54.002 54.002 54.001 54.001 54.001 53.001 51.001 49.001 49.001 49 48.999 47.999 48.999 49.998 51.999 54 56.001 59.001 62.001 65.002 67 69 67.001 65.001 64.001 63.001 61.001 59.001 58.002 57.002 57.002 57.002 57.002 56.004 56.003 56.002 57.001 58.999 57.999 55.999 53.999 51 50.999 50.998 49.998 47.998 46.998 44.999 45.001 45.002 46.003 48.005 51.004 55.004 59.003 63.002 65 67.997 67.997 67.996 65.997 63.997 61.997 59.998 57.998 55.997 53.997 51.997 50.998 49.998 47.998 45.998 43.998 41.999 40.999 40 40.999 41.999 41.999 41.001 44.001
56.999 56.999 57 57.001 56.002 55.002 55.002 55.001 53.002 51.002 50.002 49.002 48.002 47.001 47.001 47.001 51 55.001 58.003 61.006 64.004 68.002 68.002 69.001 68.001 66.001 65.001 64.001 63.001 61.002 61.002 60.002 60.002 61.002 61.002 62.002 61.002 59.002 58.001 57 55.999 54 52 50.001 49.001 47.001 46.001 45.001 44.001 43.001 46 48.999 52 56 59 62.999 63.999 65.998 64.998 62.998 61.997 60.997 59.996 57.996 56.996 55.996 53.997 50.997 48.998 46.998 46.998 45.998 43.999 42 41.001 40.001 40.001 40.001 40.001 40.001 41 41.999 45.997
